25.019514, 24.807491, 24.120008, 23.326515, 22.89929, 23.189051, 23.883602, 24.460846, 24.601618, 24.471947, 24.277552, 24.237677, 24.203382, 23.828094, 23.050579, 22.225981, 21.63233, 21.597363, 21.964684, 22.28607, 22.360548, 22.322855, 22.228384, 22.075247, 21.91173, 21.868446, 22.054586, 22.334126, 22.469879, 22.299471, 21.992027, 21.807617, 21.856373, 22.04425, 22.325041, 22.661224, 22.951719, 23.054979, 22.856426, 22.487328, 22.174881, 22.078831, 22.132053, 22.221458, 22.314751, 22.413206, 22.454088, 22.366158, 22.224577, 22.186205, 22.361219, 22.610325, 22.716164, 22.5219, 22.201365, 22.033224, 22.159348, 22.437445, 22.719933, 22.935816, 23.05143, 22.975185, 22.638117, 22.199286, 21.909109, 21.970118, 22.238613, 22.445704, 22.410595, 22.275526, 22.256128, 22.424053, 22.658621, 22.886967, 22.974253, 22.966, 23.059908, 23.371443, 23.691401, 23.730486, 23.220057, 22.516657, 22.268734, 22.893385, 23.886414, 24.514343, 24.245092, 23.521463, 23.072269, 23.348303, 23.929455, 24.238218, 23.975603, 23.449463, 22.992521, 22.854111
24.855852, 24.666101, 24.052919, 23.344862, 22.958338, 23.20735, 23.816544, 24.318293, 24.430885, 24.306189, 24.126947, 24.097311, 24.077843, 23.735895, 23.014919, 22.244381, 21.670679, 21.589493, 21.879879, 22.163263, 22.281797, 22.325018, 22.285456, 22.12396, 21.916767, 21.829462, 21.988041, 22.254139, 22.396784, 22.255909, 21.989836, 21.845179, 21.924129, 22.125273, 22.389795, 22.671453, 22.893551, 22.951624, 22.759647, 22.429764, 22.154749, 22.072557, 22.126713, 22.218348, 22.317432, 22.419592, 22.464411, 22.384228, 22.24848, 22.202417, 22.348598, 22.56349, 22.653193, 22.47788, 22.194056, 22.052332, 22.176807, 22.437668, 22.704645, 22.910477, 23.021708, 22.958796, 22.660027, 22.26556, 21.998652, 22.038231, 22.262571, 22.443964, 22.427883, 22.331516, 22.334711, 22.486794, 22.688248, 22.895655, 22.999281, 23.021786, 23.118341, 23.379768, 23.632883, 23.636866, 23.156929, 22.517132, 22.314905, 22.932234, 23.891258, 24.499689, 24.253479, 23.566734, 23.124353, 23.347225, 23.855303, 24.132105, 23.912966, 23.467443, 23.080347, 22.963486
24.446009, 24.317581, 23.909788, 23.437782, 23.161749, 23.294085, 23.662981, 23.952341, 23.988571, 23.881163, 23.738636, 23.723808, 23.728939, 23.456661, 22.86908, 22.230799, 21.698238, 21.478687, 21.554882, 21.746372, 22.021866, 22.328659, 22.454191, 22.23444, 21.849407, 21.602528, 21.691454, 21.952606, 22.147562, 22.103304, 21.95624, 21.93207, 22.114269, 22.36936, 22.597616, 22.724365, 22.743565, 22.658489, 22.466709, 22.231155, 22.053114, 22.014915, 22.085573, 22.196417, 22.319878, 22.435511, 22.485285, 22.409006, 22.267982, 22.186462, 22.252302, 22.382248, 22.443882, 22.341951, 22.17911, 22.119843, 22.229652, 22.421993, 22.633268, 22.818171, 22.933321, 22.918037, 22.724548, 22.445396, 22.230358, 22.193125, 22.279139, 22.385839, 22.439976, 22.477976, 22.561758, 22.660332, 22.748098, 22.895073, 23.078142, 23.231567, 23.361422, 23.470911, 23.50345, 23.375431, 22.961626, 22.492226, 22.416735, 23.018185, 23.892963, 24.460651, 24.296421, 23.727028, 23.299383, 23.337276, 23.594461, 23.762798, 23.695091, 23.529118, 23.384176, 23.342104
23.954336, 23.898369, 23.733112, 23.539873, 23.394686, 23.389973, 23.475895, 23.51511, 23.460892, 23.373264, 23.275021, 23.280128, 23.317268, 23.13133, 22.705412, 22.226419, 21.74497, 21.363945, 21.187481, 21.268076, 21.722563, 22.333384, 22.651461, 22.369278, 21.784565, 21.356102, 21.361595, 21.611078, 21.861792, 21.928921, 21.921549, 22.037741, 22.338285, 22.653955, 22.837814, 22.782387, 22.564493, 22.313675, 22.12538, 22.003765, 21.941412, 21.954134, 22.041761, 22.17293, 22.323668, 22.454618, 22.511322, 22.44282, 22.299435, 22.178612, 22.149693, 22.177584, 22.203087, 22.184013, 22.160509, 22.196911, 22.291229, 22.406427, 22.554249, 22.713194, 22.830076, 22.869089, 22.800028, 22.658371, 22.506838, 22.382072, 22.307688, 22.326841, 22.460714, 22.652433, 22.828098, 22.865238, 22.822762, 22.898834, 23.169521, 23.469242, 23.633717, 23.566217, 23.344763, 23.067188, 22.73476, 22.467554, 22.541651, 23.123562, 23.897091, 24.414284, 24.343555, 23.909954, 23.500452, 23.32679, 23.296545, 23.340435, 23.445896, 23.599781, 23.731913, 23.77541
23.382893, 23.393579, 23.449112, 23.509985, 23.489771, 23.372042, 23.213032, 23.035303, 22.894285, 22.814354, 22.771509, 22.834024, 22.947987, 22.906092, 22.693991, 22.41, 22.015833, 21.518652, 21.116632, 21.058008, 21.573065, 22.344484, 22.799097, 22.56238, 21.962116, 21.478601, 21.389147, 21.534237, 21.738916, 21.863859, 21.970104, 22.183222, 22.533937, 22.854456, 22.972589, 22.763514, 22.370031, 22.021418, 21.888624, 21.911705, 21.973566, 22.016102, 22.078655, 22.190332, 22.341568, 22.477064, 22.557337, 22.546864, 22.46361, 22.348322, 22.234999, 22.141964, 22.086451, 22.081709, 22.128265, 22.224298, 22.333956, 22.439682, 22.567072, 22.682421, 22.754211, 22.811304, 22.857208, 22.862034, 22.804529, 22.651245, 22.478188, 22.428308, 22.583475, 22.835438, 23.041956, 23.051453, 22.954887, 22.973841, 23.22455, 23.523853, 23.644251, 23.4547, 23.106197, 22.794275, 22.588781, 22.521404, 22.730463, 23.281866, 23.934866, 24.367792, 24.328947, 23.974174, 23.593103, 23.337519, 23.187941, 23.177088, 23.349249, 23.629284, 23.870783, 23.947859
22.890482, 22.935263, 23.097298, 23.281721, 23.338297, 23.204916, 22.96921, 22.705534, 22.480946, 22.340775, 22.326784, 22.503242, 22.777876, 22.957615, 22.984015, 22.885319, 22.598537, 22.085787, 21.563534, 21.350298, 21.698885, 22.335405, 22.788326, 22.766598, 22.470625, 22.166098, 21.990685, 21.904606, 21.907352, 21.989948, 22.140484, 22.354097, 22.624207, 22.849157, 22.881477, 22.61536, 22.206894, 21.901525, 21.878139, 22.0343, 22.193419, 22.243378, 22.251078, 22.308474, 22.420845, 22.532734, 22.644983, 22.751883, 22.809044, 22.759325, 22.580667, 22.349445, 22.156149, 22.06687, 22.07959, 22.182693, 22.35631, 22.556118, 22.733831, 22.799114, 22.775383, 22.784962, 22.870026, 22.958616, 23.001875, 22.94713, 22.84514, 22.80217, 22.864464, 22.976017, 23.08971, 23.156994, 23.18239, 23.198408, 23.232815, 23.247992, 23.178387, 22.997847, 22.792019, 22.663048, 22.611536, 22.661989, 22.952446, 23.524353, 24.133387, 24.48892, 24.338608, 23.876173, 23.480074, 23.3853, 23.462097, 23.541849, 23.560772, 23.571531, 23.580158, 23.584414
22.589701, 22.636944, 22.799162, 22.985003, 23.06214, 22.975452, 22.789539, 22.551641, 22.282272, 22.071205, 22.069565, 22.358809, 22.789282, 23.16544, 23.37233, 23.398756, 23.204817, 22.753231, 22.222355, 21.895735, 21.979637, 22.325563, 22.684917, 22.925287, 23.053213, 23.028547, 22.800085, 22.469851, 22.227552, 22.210558, 22.341539, 22.488167, 22.614679, 22.707798, 22.668888, 22.427931, 22.116188, 21.936958, 22.031555, 22.278755, 22.48806, 22.519932, 22.457523, 22.444399, 22.501251, 22.580997, 22.725525, 22.956215, 23.166851, 23.207901, 23.005806, 22.67572, 22.351198, 22.129269, 22.03611, 22.099054, 22.349098, 22.688524, 22.951586, 22.974329, 22.84531, 22.777529, 22.847528, 22.963728, 23.086901, 23.17894, 23.22747, 23.23184, 23.156412, 23.04479, 23.015196, 23.172653, 23.389545, 23.435141, 23.195589, 22.836725, 22.547359, 22.460958, 22.529243, 22.668427, 22.745422, 22.828114, 23.134165, 23.732685, 24.336658, 24.629543, 24.316505, 23.678238, 23.261463, 23.441589, 23.89823, 24.134434, 23.906658, 23.476078, 23.10281, 22.988184
22.413307, 22.455957, 22.603889, 22.773148, 22.839808, 22.744043, 22.557213, 22.352167, 22.148527, 22.011059, 22.080317, 22.398426, 22.825718, 23.230066, 23.500502, 23.592951, 23.475641, 23.111732, 22.641521, 22.298944, 22.235655, 22.389236, 22.67251, 23.058094, 23.431566, 23.57519, 23.333961, 22.882387, 22.497004, 22.389116, 22.46302, 22.534754, 22.567003, 22.592937, 22.534296, 22.332802, 22.10318, 22.026697, 22.225725, 22.550997, 22.7763, 22.733765, 22.546852, 22.426355, 22.434301, 22.51623, 22.708185, 23.022453, 23.331646, 23.462305, 23.324612, 23.015686, 22.642481, 22.283463, 22.024475, 21.983545, 22.273249, 22.733253, 23.07226, 23.051615, 22.829344, 22.709131, 22.813152, 23.004986, 23.200434, 23.336899, 23.401783, 23.385859, 23.247477, 23.054688, 22.962824, 23.127529, 23.38855, 23.427362, 23.081541, 22.592833, 22.248987, 22.238764, 22.451401, 22.725397, 22.884737, 22.993946, 23.252344, 23.715992, 24.151302, 24.323084, 23.983644, 23.397739, 23.098841, 23.461582, 24.101357, 24.412836, 24.076601, 23.436272, 22.881037, 22.710838
22.438519, 22.478331, 22.632605, 22.806782, 22.836639, 22.61717, 22.296511, 22.090155, 22.120447, 22.299435, 22.527124, 22.70507, 22.834517, 22.965023, 23.109745, 23.189941, 23.117355, 22.82638, 22.461912, 22.251438, 22.324854, 22.577887, 22.886772, 23.178165, 23.394056, 23.433662, 23.225286, 22.877129, 22.558283, 22.416138, 22.413445, 22.442358, 22.502529, 22.590406, 22.593321, 22.419073, 22.194134, 22.133869, 22.391718, 22.772526, 22.968712, 22.777458, 22.40098, 22.139263, 22.135338, 22.292545, 22.5513, 22.849888, 23.121283, 23.297951, 23.342735, 23.245329, 22.978489, 22.524818, 22.062, 21.855421, 22.125013, 22.646395, 23.018528, 22.942688, 22.644783, 22.510689, 22.723949, 23.067043, 23.324253, 23.343784, 23.214159, 23.080128, 23.017136, 22.988844, 22.972338, 22.991819, 23.0312, 23.007139, 22.884796, 22.736153, 22.638117, 22.629242, 22.691906, 22.818783, 22.972418, 23.120691, 23.264261, 23.368555, 23.405287, 23.384516, 23.244959, 23.068424, 23.079618, 23.42108, 23.870281, 24.104389, 23.919493, 23.51108, 23.155386, 23.049944
22.648834, 22.67872, 22.820822, 22.977865, 22.947706, 22.582687, 22.115416, 21.914148, 22.224491, 22.776623, 23.165655, 23.1376, 22.869772, 22.604254, 22.512791, 22.505264, 22.430983, 22.202036, 21.976505, 21.972675, 22.307644, 22.784409, 23.15012, 23.216173, 23.070774, 22.876265, 22.736652, 22.621243, 22.490335, 22.351326, 22.264322, 22.268726, 22.420441, 22.63545, 22.74328, 22.59992, 22.350523, 22.258358, 22.521357, 22.908607, 23.040066, 22.693924, 22.146709, 21.765879, 21.773516, 22.025381, 22.339443, 22.560835, 22.717985, 22.903843, 23.163994, 23.350094, 23.2642, 22.766882, 22.125511, 21.752338, 21.962891, 22.486818, 22.857594, 22.746426, 22.420464, 22.307064, 22.63731, 23.11997, 23.398926, 23.224472, 22.820364, 22.540649, 22.621464, 22.87089, 23.000957, 22.824579, 22.540222, 22.438225, 22.683632, 23.073193, 23.344839, 23.304762, 23.091061, 22.939568, 23.018063, 23.177332, 23.177681, 22.881794, 22.497662, 22.303541, 22.453842, 22.796984, 23.152283, 23.350098, 23.426218, 23.508144, 23.59598, 23.63303, 23.661558, 23.678606
22.836441, 22.847406, 22.93932, 23.036715, 22.9461, 22.523029, 22.022667, 21.850946, 22.289494, 22.999834, 23.457758, 23.357534, 22.935127, 22.478876, 22.208479, 22.071817, 21.949518, 21.789099, 21.711891, 21.859217, 22.308115, 22.845232, 23.176325, 23.068058, 22.69599, 22.379206, 22.329092, 22.415501, 22.445215, 22.311886, 22.149879, 22.127069, 22.349146, 22.664749, 22.856195, 22.743019, 22.480436, 22.354273, 22.582628, 22.930817, 23.005457, 22.596668, 22.000223, 21.581232, 21.581083, 21.851078, 22.171198, 22.352417, 22.46294, 22.668604, 23.049839, 23.389095, 23.405237, 22.901499, 22.180925, 21.712091, 21.841183, 22.305023, 22.658167, 22.587124, 22.339022, 22.30932, 22.727171, 23.269501, 23.503443, 23.122351, 22.461561, 22.051142, 22.263521, 22.774509, 23.0693, 22.788204, 22.284204, 22.111475, 22.572937, 23.286718, 23.77984, 23.721645, 23.342728, 23.011988, 23.01594, 23.149706, 23.045069, 22.510538, 21.891645, 21.625666, 22.003984, 22.710222, 23.270044, 23.285137, 23.007811, 22.939661, 23.263393, 23.705793, 24.084589, 24.211803
22.894249, 22.8778, 22.872343, 22.858658, 22.729771, 22.422054, 22.097864, 21.989218, 22.246466, 22.685274, 23.035637, 23.141907, 23.063671, 22.85375, 22.562037, 22.253378, 22.003031, 21.891453, 21.925348, 22.069351, 22.321825, 22.601177, 22.752113, 22.64184, 22.387609, 22.209213, 22.255684, 22.407864, 22.483221, 22.356712, 22.164, 22.113653, 22.329926, 22.648401, 22.844643, 22.744564, 22.495445, 22.354902, 22.513369, 22.780582, 22.843071, 22.543127, 22.102619, 21.777426, 21.722544, 21.86397, 22.11409, 22.370956, 22.61418, 22.87849, 23.167358, 23.35001, 23.259832, 22.78632, 22.165369, 21.749994, 21.803919, 22.150051, 22.480177, 22.551891, 22.510096, 22.627523, 23.060541, 23.524805, 23.631977, 23.099716, 22.299625, 21.824268, 22.09733, 22.746439, 23.170126, 22.96245, 22.480244, 22.266174, 22.609911, 23.176947, 23.573698, 23.541176, 23.258186, 22.987827, 22.946165, 22.995506, 22.868317, 22.419371, 21.929291, 21.76927, 22.19825, 22.900066, 23.383312, 23.225395, 22.755505, 22.609852, 23.055197, 23.723206, 24.297459, 24.484974
22.881802, 22.839634, 22.73243, 22.604139, 22.460138, 22.34543, 22.281702, 22.239344, 22.169538, 22.139572, 22.29397, 22.71332, 23.186037, 23.418379, 23.204556, 22.744032, 22.350939, 22.260223, 22.350121, 22.399729, 22.33069, 22.240997, 22.174212, 22.152103, 22.171041, 22.236517, 22.35817, 22.486109, 22.536507, 22.421434, 22.236076, 22.171295, 22.346581, 22.616163, 22.773052, 22.672754, 22.445742, 22.297476, 22.36845, 22.536125, 22.611412, 22.505322, 22.321928, 22.161737, 22.046871, 22.006351, 22.151073, 22.515636, 22.943531, 23.258924, 23.347115, 23.233677, 22.953203, 22.543762, 22.123934, 21.849054, 21.844139, 22.051113, 22.350704, 22.597792, 22.801435, 23.073586, 23.465483, 23.773117, 23.725569, 23.114599, 22.288647, 21.811785, 22.089485, 22.767071, 23.268419, 23.230587, 22.918209, 22.696543, 22.752392, 22.923204, 23.050188, 23.054811, 22.992432, 22.90509, 22.84103, 22.790142, 22.706924, 22.54529, 22.402239, 22.446861, 22.799553, 23.253328, 23.486244, 23.193802, 22.673756, 22.507545, 22.964451, 23.684292, 24.304316, 24.503958
22.841225, 22.787653, 22.632801, 22.45116, 22.305506, 22.298325, 22.374563, 22.360682, 22.102234, 21.805573, 21.838343, 22.401676, 23.152206, 23.640833, 23.533657, 23.072147, 22.670252, 22.616671, 22.726749, 22.704432, 22.438322, 22.12302, 21.921412, 21.954651, 22.141788, 22.342585, 22.480587, 22.560745, 22.564905, 22.438379, 22.253584, 22.183039, 22.341293, 22.594206, 22.741236, 22.653278, 22.44733, 22.292017, 22.291388, 22.374186, 22.44607, 22.468632, 22.464733, 22.43194, 22.313013, 22.186544, 22.25387, 22.612883, 23.062876, 23.357264, 23.345778, 23.118961, 22.791437, 22.462824, 22.184467, 21.99859, 21.939636, 22.028965, 22.289179, 22.654062, 23.032858, 23.411341, 23.757494, 23.93729, 23.783503, 23.153957, 22.358086, 21.906031, 22.161919, 22.810555, 23.343134, 23.460287, 23.32585, 23.125818, 22.946217, 22.776947, 22.659815, 22.66415, 22.754904, 22.817316, 22.773067, 22.696037, 22.699762, 22.801758, 22.948088, 23.145105, 23.391649, 23.589109, 23.597681, 23.262459, 22.797226, 22.615198, 22.937876, 23.500509, 23.986933, 24.139349
22.755102, 22.720352, 22.631727, 22.525728, 22.407589, 22.32889, 22.292475, 22.230478, 22.077408, 21.942055, 22.017942, 22.394722, 22.873407, 23.214571, 23.21019, 22.982693, 22.78833, 22.787432, 22.860722, 22.845081, 22.681606, 22.480085, 22.330381, 22.31399, 22.391123, 22.469767, 22.52582, 22.561722, 22.525291, 22.360655, 22.163679, 22.109808, 22.316111, 22.631672, 22.829935, 22.759069, 22.542423, 22.366209, 22.345806, 22.407579, 22.454224, 22.442743, 22.413181, 22.39279, 22.371563, 22.362495, 22.427347, 22.569359, 22.730892, 22.882402, 23.006563, 23.059967, 22.973942, 22.721222, 22.408464, 22.167858, 22.06839, 22.112392, 22.332058, 22.676588, 23.055347, 23.440786, 23.792355, 23.981884, 23.850422, 23.258621, 22.49914, 22.060976, 22.285368, 22.881968, 23.392422, 23.55278, 23.487171, 23.319359, 23.108759, 22.874914, 22.681776, 22.608604, 22.643452, 22.713474, 22.752415, 22.79838, 22.935061, 23.14345, 23.349249, 23.553194, 23.724245, 23.803101, 23.748127, 23.521027, 23.22044, 23.010141, 23.021248, 23.171783, 23.305885, 23.338747
22.658897, 22.657299, 22.689495, 22.72089, 22.642906, 22.402584, 22.12793, 21.981831, 22.083534, 22.326031, 22.532799, 22.568357, 22.51038, 22.502108, 22.58593, 22.690861, 22.790104, 22.831482, 22.828299, 22.851954, 22.938522, 23.024876, 23.033634, 22.935705, 22.785002, 22.628632, 22.55525, 22.53998, 22.459652, 22.248264, 22.040222, 22.012987, 22.284779, 22.683014, 22.948925, 22.895601, 22.659519, 22.466946, 22.465994, 22.550943, 22.567356, 22.436195, 22.267313, 22.189575, 22.302288, 22.50135, 22.610519, 22.471439, 22.24003, 22.211489, 22.563143, 23.041531, 23.295664, 23.098478, 22.665924, 22.311502, 22.200985, 22.262312, 22.452251, 22.692656, 22.955078, 23.270872, 23.636929, 23.899498, 23.863958, 23.366762, 22.682329, 22.272997, 22.45063, 22.955658, 23.393282, 23.532894, 23.484066, 23.362263, 23.233112, 23.084236, 22.914045, 22.741621, 22.62849, 22.636791, 22.78013, 23.005016, 23.272923, 23.485512, 23.618198, 23.743071, 23.848194, 23.881056, 23.852867, 23.816372, 23.743259, 23.523144, 23.174234, 22.82518, 22.531229, 22.421017
22.674047, 22.684839, 22.772316, 22.865187, 22.781977, 22.400539, 21.946014, 21.757868, 22.097525, 22.677698, 23.014765, 22.784695, 22.287378, 21.975122, 22.094883, 22.430349, 22.738916, 22.818592, 22.776146, 22.832117, 23.074306, 23.335497, 23.453699, 23.33721, 23.080976, 22.802973, 22.650671, 22.587515, 22.455469, 22.193863, 21.960773, 21.926294, 22.207031, 22.632368, 22.941553, 22.937365, 22.744055, 22.583063, 22.601477, 22.683769, 22.657495, 22.432638, 22.160564, 22.030878, 22.207895, 22.525211, 22.676325, 22.415083, 22.002811, 21.894281, 22.357883, 23.038588, 23.456018, 23.286297, 22.797455, 22.396936, 22.304134, 22.397675, 22.573877, 22.738579, 22.904619, 23.128839, 23.423346, 23.655027, 23.662897, 23.311363, 22.806105, 22.498041, 22.60972, 22.959702, 23.292933, 23.453701, 23.491121, 23.457392, 23.378693, 23.251913, 23.085291, 22.885881, 22.728313, 22.722223, 22.91515, 23.212351, 23.510035, 23.682121, 23.737656, 23.775507, 23.798967, 23.777199, 23.757898, 23.856405, 23.958344, 23.766809, 23.214405, 22.562859, 22.008966, 21.81365
22.830078, 22.81699, 22.836514, 22.849495, 22.699167, 22.278011, 21.819872, 21.680054, 22.13405, 22.845139, 23.250288, 22.974627, 22.364357, 21.938101, 21.98888, 22.295391, 22.604773, 22.731678, 22.760777, 22.844223, 23.014954, 23.168324, 23.250149, 23.225197, 23.116262, 22.956179, 22.832758, 22.735838, 22.551313, 22.250093, 21.979647, 21.890736, 22.096445, 22.460529, 22.759731, 22.825445, 22.740799, 22.660103, 22.680691, 22.717352, 22.650627, 22.425968, 22.168247, 22.027124, 22.126518, 22.357153, 22.518873, 22.438986, 22.263273, 22.269337, 22.609734, 23.047689, 23.276806, 23.083025, 22.670382, 22.359562, 22.327618, 22.4655, 22.664782, 22.843182, 22.996824, 23.134903, 23.238003, 23.266266, 23.198183, 23.004475, 22.769274, 22.641201, 22.690187, 22.857397, 23.098307, 23.372849, 23.604227, 23.692846, 23.550068, 23.271626, 23.034414, 22.944822, 22.966513, 23.062346, 23.204388, 23.367004, 23.516459, 23.601742, 23.615364, 23.588867, 23.524168, 23.435364, 23.372303, 23.455202, 23.578766, 23.454548, 23.004293, 22.459265, 21.9953, 21.83316
23.047997, 22.994568, 22.888399, 22.755512, 22.513691, 22.115095, 21.751425, 21.699774, 22.173895, 22.872604, 23.30056, 23.122049, 22.616133, 22.209679, 22.140432, 22.265949, 22.442802, 22.595871, 22.731514, 22.82851, 22.820999, 22.743467, 22.725197, 22.834953, 22.979774, 23.046337, 23.011644, 22.903286, 22.683859, 22.361877, 22.05657, 21.896591, 21.990276, 22.249039, 22.506111, 22.639851, 22.682732, 22.699154, 22.719065, 22.701557, 22.604774, 22.425627, 22.23403, 22.09763, 22.052345, 22.10059, 22.259718, 22.506048, 22.765326, 22.979029, 23.087326, 23.073866, 22.945347, 22.694611, 22.410519, 22.243771, 22.287285, 22.473854, 22.713985, 22.945215, 23.124638, 23.192112, 23.082779, 22.865292, 22.679806, 22.619755, 22.646265, 22.700996, 22.702255, 22.709785, 22.877384, 23.273199, 23.696236, 23.896585, 23.664452, 23.207094, 22.900166, 22.974663, 23.246914, 23.470592, 23.508347, 23.445396, 23.369261, 23.342457, 23.326271, 23.256359, 23.131302, 23.005058, 22.896399, 22.880901, 22.924591, 22.881903, 22.715609, 22.522673, 22.358793, 22.300673
23.286463, 23.194147, 22.969156, 22.698008, 22.363306, 21.980173, 21.698946, 21.705042, 22.143147, 22.774548, 23.209558, 23.168583, 22.839249, 22.53274, 22.414598, 22.404333, 22.444056, 22.54426, 22.674267, 22.714411, 22.559525, 22.334629, 22.265345, 22.476782, 22.806622, 23.049311, 23.10331, 23.012115, 22.787745, 22.460302, 22.127214, 21.901484, 21.883772, 22.033146, 22.250177, 22.463444, 22.647604, 22.772364, 22.796631, 22.723738, 22.590021, 22.438591, 22.293896, 22.164301, 22.022177, 21.948156, 22.11297, 22.598541, 23.171329, 23.528864, 23.457561, 23.104746, 22.709314, 22.424149, 22.246197, 22.180445, 22.248972, 22.43325, 22.677362, 22.945898, 23.160759, 23.20199, 22.963005, 22.588423, 22.335077, 22.382595, 22.598953, 22.773523, 22.72196, 22.591516, 22.66894, 23.095669, 23.607176, 23.881281, 23.650204, 23.160385, 22.860956, 23.027235, 23.408133, 23.663202, 23.606319, 23.388643, 23.175623, 23.102856, 23.10388, 23.04104, 22.895697, 22.749002, 22.613031, 22.522518, 22.498985, 22.534693, 22.629662, 22.755983, 22.864008, 22.9006
23.441248, 23.326, 23.036148, 22.688671, 22.288759, 21.891481, 21.630388, 21.628391, 21.989403, 22.534613, 22.962803, 23.028965, 22.858427, 22.705517, 22.696733, 22.731941, 22.725471, 22.671886, 22.601458, 22.482038, 22.288385, 22.114466, 22.106972, 22.347759, 22.699593, 22.980505, 23.087475, 23.041397, 22.846178, 22.52549, 22.174986, 21.906574, 21.811649, 21.883293, 22.085918, 22.388969, 22.709112, 22.931601, 22.954437, 22.819435, 22.627577, 22.454327, 22.307161, 22.18508, 22.059896, 22.008629, 22.188038, 22.670481, 23.229383, 23.57308, 23.496256, 23.142509, 22.743557, 22.461496, 22.287264, 22.195854, 22.199177, 22.311245, 22.510242, 22.78451, 23.041174, 23.13658, 22.94228, 22.601437, 22.377813, 22.450834, 22.675333, 22.828205, 22.735161, 22.551521, 22.548565, 22.861374, 23.275833, 23.539465, 23.441574, 23.146605, 22.964743, 23.07905, 23.316196, 23.451792, 23.359402, 23.161005, 23.00482, 23.007044, 23.089561, 23.109102, 23.016457, 22.887369, 22.766037, 22.670904, 22.629177, 22.69821, 22.892759, 23.134277, 23.340136, 23.411461
23.512156, 23.389736, 23.083603, 22.716263, 22.287931, 21.874393, 21.603758, 21.554749, 21.80537, 22.238487, 22.640095, 22.798845, 22.786295, 22.812841, 22.972374, 23.119347, 23.104977, 22.868221, 22.534414, 22.234314, 22.071003, 22.047916, 22.146353, 22.356899, 22.620987, 22.846144, 22.975512, 22.988232, 22.845837, 22.546753, 22.196005, 21.915024, 21.787308, 21.820747, 22.023312, 22.38777, 22.792559, 23.074184, 23.096397, 22.921867, 22.685493, 22.473616, 22.298702, 22.184809, 22.139795, 22.189301, 22.384033, 22.723722, 23.082306, 23.321852, 23.336252, 23.172039, 22.920235, 22.665888, 22.441849, 22.26083, 22.158226, 22.167652, 22.299181, 22.55862, 22.853075, 23.044556, 23.00157, 22.813833, 22.675148, 22.705854, 22.807634, 22.846319, 22.73428, 22.575851, 22.524792, 22.65416, 22.866945, 23.061832, 23.149843, 23.15233, 23.133446, 23.117504, 23.083818, 23.029102, 22.941427, 22.8622, 22.868076, 23.003613, 23.19137, 23.325039, 23.323454, 23.236145, 23.15283, 23.088871, 23.05176, 23.119406, 23.310066, 23.540596, 23.736828, 23.805433
23.613892, 23.495935, 23.208036, 22.861158, 22.43432, 22.00803, 21.712364, 21.600702, 21.734787, 22.053709, 22.426844, 22.691206, 22.85125, 23.027521, 23.256845, 23.402592, 23.325098, 22.957996, 22.472401, 22.084864, 21.98278, 22.097118, 22.259821, 22.382397, 22.495176, 22.608301, 22.730865, 22.801922, 22.726557, 22.468956, 22.145025, 21.887445, 21.773998, 21.806984, 22.005823, 22.36059, 22.753105, 23.04043, 23.096834, 22.964897, 22.754145, 22.520414, 22.302822, 22.185785, 22.224323, 22.380585, 22.599665, 22.812279, 22.98452, 23.114557, 23.17997, 23.155037, 23.032984, 22.844482, 22.635696, 22.42309, 22.242699, 22.151388, 22.196894, 22.406895, 22.696011, 22.942377, 23.022284, 22.977497, 22.934381, 22.958361, 22.984077, 22.941736, 22.805182, 22.644854, 22.535822, 22.509016, 22.559441, 22.708307, 22.968924, 23.236801, 23.35644, 23.210766, 22.919655, 22.683039, 22.600819, 22.636528, 22.785517, 23.027893, 23.292847, 23.499353, 23.538179, 23.451771, 23.386621, 23.373388, 23.383944, 23.476618, 23.651173, 23.839766, 23.999323, 24.0574
23.782557, 23.676458, 23.427584, 23.125662, 22.721584, 22.284613, 21.955059, 21.790365, 21.848284, 22.099117, 22.469101, 22.852816, 23.175699, 23.410269, 23.504059, 23.428976, 23.194136, 22.833559, 22.451752, 22.163538, 22.122746, 22.265831, 22.381578, 22.368927, 22.314861, 22.29023, 22.361, 22.455116, 22.436415, 22.243244, 21.990807, 21.808231, 21.763323, 21.834768, 22.018011, 22.270599, 22.529377, 22.758747, 22.899136, 22.919981, 22.829216, 22.601423, 22.325983, 22.183016, 22.273556, 22.50399, 22.762486, 22.950281, 23.061583, 23.124029, 23.122957, 23.05204, 22.95141, 22.880136, 22.824533, 22.715609, 22.532257, 22.366064, 22.317083, 22.448452, 22.677933, 22.887514, 22.962788, 22.946917, 22.958275, 23.05777, 23.155849, 23.145231, 22.974527, 22.739893, 22.555319, 22.470272, 22.489307, 22.659054, 23.01988, 23.415577, 23.597891, 23.386478, 22.964848, 22.630529, 22.547005, 22.635897, 22.831966, 23.093416, 23.360744, 23.542181, 23.514002, 23.351976, 23.263554, 23.317379, 23.437014, 23.612291, 23.792734, 23.940048, 24.062366, 24.112375
23.912989, 23.826427, 23.637403, 23.405098, 23.047394, 22.607311, 22.240849, 22.035349, 22.060095, 22.288433, 22.663801, 23.125977, 23.544062, 23.755501, 23.629435, 23.272755, 22.879522, 22.612307, 22.462685, 22.368237, 22.391209, 22.50831, 22.528854, 22.374891, 22.164949, 22.002996, 22.002083, 22.09507, 22.115696, 21.983231, 21.809948, 21.71909, 21.772589, 21.912321, 22.081442, 22.187189, 22.24905, 22.378571, 22.609783, 22.819532, 22.883551, 22.679476, 22.352011, 22.177481, 22.294384, 22.56687, 22.859749, 23.068388, 23.182753, 23.209524, 23.108311, 22.926081, 22.800575, 22.844919, 22.968758, 23.00461, 22.864552, 22.66494, 22.54471, 22.594582, 22.739048, 22.867727, 22.881647, 22.842449, 22.880682, 23.071037, 23.285284, 23.349575, 23.155472, 22.841923, 22.60614, 22.539137, 22.608191, 22.824945, 23.208706, 23.609285, 23.784037, 23.55327, 23.105143, 22.748774, 22.66794, 22.771065, 22.954269, 23.179279, 23.400534, 23.503233, 23.363884, 23.103685, 22.974876, 23.090828, 23.32885, 23.587093, 23.757557, 23.844059, 23.912483, 23.948639
23.908018, 23.851343, 23.749531, 23.619381, 23.341272, 22.921642, 22.528261, 22.283503, 22.279379, 22.481503, 22.822657, 23.266987, 23.677786, 23.836573, 23.590593, 23.110401, 22.66247, 22.456537, 22.435299, 22.464685, 22.565475, 22.712437, 22.702509, 22.449083, 22.108128, 21.840418, 21.810631, 21.932976, 21.992548, 21.877485, 21.718964, 21.66662, 21.803616, 22.024292, 22.195063, 22.170439, 22.050888, 22.071772, 22.347771, 22.688848, 22.873255, 22.712748, 22.381279, 22.200403, 22.319473, 22.588421, 22.879694, 23.095444, 23.217999, 23.240076, 23.109783, 22.892611, 22.757318, 22.829819, 23.001129, 23.087702, 22.993153, 22.821411, 22.689386, 22.672205, 22.727272, 22.794916, 22.810575, 22.814791, 22.905542, 23.135201, 23.377312, 23.461634, 23.26363, 22.930651, 22.700251, 22.685886, 22.818512, 23.061945, 23.406681, 23.734766, 23.847345, 23.600821, 23.166111, 22.816095, 22.729851, 22.824617, 22.980555, 23.169184, 23.353836, 23.402399, 23.198689, 22.887115, 22.726465, 22.856285, 23.136547, 23.406672, 23.534477, 23.558128, 23.572565, 23.591
23.709587, 23.691158, 23.700829, 23.701283, 23.525341, 23.131336, 22.7031, 22.411713, 22.393673, 22.586231, 22.861618, 23.158436, 23.416206, 23.50856, 23.358303, 23.05706, 22.731699, 22.487984, 22.351318, 22.328005, 22.510927, 22.791433, 22.87356, 22.595274, 22.170038, 21.865099, 21.907753, 22.139904, 22.250748, 22.066404, 21.784496, 21.651442, 21.823084, 22.133131, 22.344835, 22.265093, 22.049841, 21.98591, 22.221437, 22.560581, 22.774183, 22.677164, 22.421516, 22.283699, 22.382393, 22.593027, 22.827188, 23.001251, 23.102636, 23.149532, 23.12245, 23.029453, 22.930025, 22.882286, 22.864918, 22.818295, 22.739494, 22.667494, 22.605497, 22.548866, 22.527092, 22.59458, 22.74449, 22.925764, 23.126492, 23.312149, 23.425484, 23.420473, 23.230896, 22.958323, 22.808405, 22.886335, 23.095827, 23.340326, 23.577999, 23.748539, 23.727652, 23.443886, 23.038942, 22.70822, 22.60545, 22.678452, 22.813822, 22.98741, 23.166142, 23.22324, 23.060011, 22.79558, 22.629925, 22.684298, 22.859491, 23.02478, 23.091379, 23.096174, 23.096962, 23.104982
23.422443, 23.436638, 23.539339, 23.649136, 23.564404, 23.202892, 22.757607, 22.439823, 22.429777, 22.628838, 22.82999, 22.92053, 22.953962, 22.972635, 23.021828, 23.044968, 22.931614, 22.615549, 22.260063, 22.098976, 22.338654, 22.766487, 22.987823, 22.754326, 22.320318, 22.045094, 22.197025, 22.54155, 22.683548, 22.394375, 21.943104, 21.681204, 21.845419, 22.221249, 22.483303, 22.410135, 22.180212, 22.068012, 22.215189, 22.463131, 22.635921, 22.598158, 22.45121, 22.374313, 22.432634, 22.553062, 22.707426, 22.834755, 22.924044, 23.022078, 23.15089, 23.236006, 23.179436, 22.943626, 22.637281, 22.381783, 22.306755, 22.366846, 22.420996, 22.363384, 22.297981, 22.398411, 22.713121, 23.086451, 23.385866, 23.479864, 23.402927, 23.271532, 23.105984, 22.93922, 22.906631, 23.086546, 23.365242, 23.590015, 23.687515, 23.665792, 23.494286, 23.189419, 22.848814, 22.56366, 22.442257, 22.477213, 22.586187, 22.752712, 22.940575, 23.037815, 22.966602, 22.798271, 22.644606, 22.586252, 22.591042, 22.601509, 22.602932, 22.612629, 22.621233, 22.623425
23.193642, 23.219477, 23.343891, 23.481222, 23.45199, 23.175972, 22.809986, 22.530115, 22.505735, 22.646635, 22.739527, 22.666, 22.545446, 22.521296, 22.71653, 22.976227, 23.026972, 22.682276, 22.193014, 21.941797, 22.194546, 22.687408, 23.008356, 22.880663, 22.537655, 22.332361, 22.508678, 22.831043, 22.933313, 22.605949, 22.11619, 21.813044, 21.944061, 22.303251, 22.55929, 22.50701, 22.309792, 22.189142, 22.262087, 22.415392, 22.525171, 22.508162, 22.426861, 22.376032, 22.376753, 22.409725, 22.50915, 22.643503, 22.780289, 22.952234, 23.183111, 23.360065, 23.310907, 22.945627, 22.451839, 22.073786, 22.021132, 22.190332, 22.355829, 22.349594, 22.300337, 22.427607, 22.800407, 23.221413, 23.510675, 23.499512, 23.283976, 23.081232, 22.979738, 22.946131, 23.014826, 23.212191, 23.453493, 23.606501, 23.6075, 23.491409, 23.273951, 23.015377, 22.772285, 22.554895, 22.418694, 22.397589, 22.469446, 22.640511, 22.855223, 22.998743, 22.995064, 22.889236, 22.748011, 22.635963, 22.549265, 22.452021, 22.368156, 22.324627, 22.290094, 22.272102
23.183683, 23.18832, 23.229689, 23.273375, 23.230038, 23.083487, 22.901749, 22.721804, 22.623062, 22.600214, 22.56316, 22.477186, 22.409977, 22.425045, 22.600477, 22.823792, 22.872652, 22.589472, 22.181833, 21.975067, 22.170965, 22.566801, 22.881153, 22.919914, 22.797283, 22.694281, 22.72938, 22.79871, 22.749754, 22.512859, 22.228315, 22.05854, 22.137478, 22.357071, 22.516726, 22.490572, 22.376558, 22.309816, 22.368399, 22.473389, 22.524487, 22.471165, 22.368076, 22.272657, 22.188341, 22.143887, 22.234715, 22.47328, 22.762564, 23.033745, 23.231203, 23.304251, 23.191502, 22.852335, 22.427864, 22.129274, 22.123156, 22.316362, 22.530499, 22.623787, 22.664608, 22.789785, 23.031519, 23.262953, 23.382376, 23.287977, 23.068453, 22.907841, 22.906343, 22.994789, 23.103138, 23.191751, 23.258066, 23.287638, 23.278826, 23.230431, 23.128693, 23.003178, 22.883432, 22.755608, 22.62265, 22.542273, 22.582775, 22.790876, 23.064877, 23.250462, 23.234047, 23.089243, 22.942509, 22.905146, 22.912767, 22.828247, 22.62952, 22.417013, 22.237333, 22.171675
23.299007, 23.263224, 23.164261, 23.047405, 22.941189, 22.9205, 22.951063, 22.897684, 22.720142, 22.521061, 22.379496, 22.371866, 22.460171, 22.551846, 22.624306, 22.672356, 22.629477, 22.442947, 22.214611, 22.109755, 22.211727, 22.431858, 22.677393, 22.884323, 23.015631, 23.019073, 22.85413, 22.595942, 22.36581, 22.273048, 22.286419, 22.316372, 22.335526, 22.367527, 22.399372, 22.408213, 22.404703, 22.426113, 22.505121, 22.588472, 22.584538, 22.460815, 22.284527, 22.113628, 21.956066, 21.870064, 21.988998, 22.361759, 22.821295, 23.177101, 23.26969, 23.151688, 22.950766, 22.722103, 22.499329, 22.37781, 22.418221, 22.577267, 22.794361, 23.003006, 23.169283, 23.281509, 23.30369, 23.235678, 23.119572, 22.973116, 22.834623, 22.777018, 22.874565, 23.049826, 23.14817, 23.068487, 22.908176, 22.810362, 22.857225, 22.974962, 23.07272, 23.104519, 23.090792, 23.040285, 22.919247, 22.79076, 22.808794, 23.0604, 23.39514, 23.610765, 23.543823, 23.318363, 23.163387, 23.256222, 23.438833, 23.437164, 23.148233, 22.75732, 22.42276, 22.310049
23.305546, 23.232996, 23.004915, 22.740561, 22.580042, 22.669916, 22.89114, 22.985407, 22.820312, 22.552845, 22.358789, 22.365925, 22.490362, 22.590387, 22.612226, 22.591618, 22.521112, 22.392487, 22.257494, 22.198633, 22.239876, 22.354271, 22.547937, 22.828215, 23.083168, 23.140009, 22.875629, 22.457499, 22.148706, 22.150423, 22.335445, 22.474298, 22.448732, 22.359541, 22.305811, 22.330185, 22.391342, 22.462427, 22.55241, 22.622501, 22.574213, 22.374022, 22.117807, 21.901209, 21.759106, 21.729912, 21.914545, 22.344332, 22.843418, 23.20196, 23.230244, 23.02095, 22.787836, 22.628157, 22.521889, 22.506861, 22.5798, 22.724777, 22.960657, 23.272205, 23.546822, 23.657343, 23.508942, 23.202627, 22.904993, 22.732553, 22.674471, 22.706293, 22.877117, 23.107346, 23.179499, 22.940237, 22.578178, 22.388758, 22.537256, 22.860445, 23.161005, 23.302773, 23.322586, 23.282618, 23.152746, 22.984936, 22.964441, 23.199238, 23.530275, 23.742304, 23.658401, 23.419588, 23.287531, 23.449062, 23.713552, 23.776484, 23.501402, 23.0867, 22.730127, 22.613865
23.114702, 23.020824, 22.713558, 22.359356, 22.175941, 22.330107, 22.666372, 22.919046, 22.936829, 22.816658, 22.66519, 22.532841, 22.42767, 22.392757, 22.495543, 22.662109, 22.723492, 22.574503, 22.341459, 22.202612, 22.248905, 22.403763, 22.594172, 22.778978, 22.917627, 22.937988, 22.784431, 22.540512, 22.342894, 22.309155, 22.379013, 22.422354, 22.3885, 22.334036, 22.289715, 22.273705, 22.280725, 22.306387, 22.388508, 22.474367, 22.423794, 22.163826, 21.840984, 21.644323, 21.665066, 21.843349, 22.141586, 22.484999, 22.794724, 23.027102, 23.101372, 23.018677, 22.858191, 22.644642, 22.430193, 22.335154, 22.400045, 22.582233, 22.877314, 23.256796, 23.59359, 23.735428, 23.555332, 23.183125, 22.851698, 22.714998, 22.722818, 22.801832, 22.984703, 23.198694, 23.212387, 22.85166, 22.363348, 22.147429, 22.435358, 22.971851, 23.426802, 23.573792, 23.504063, 23.363983, 23.188591, 22.999056, 22.920946, 23.051224, 23.284279, 23.441826, 23.392456, 23.240751, 23.16243, 23.266392, 23.436207, 23.509632, 23.402578, 23.211958, 23.047033, 22.995634
22.871017, 22.771606, 22.441116, 22.060921, 21.876919, 22.036068, 22.393167, 22.755844, 23.007772, 23.131348, 23.082317, 22.777344, 22.366472, 22.15547, 22.382341, 22.81315, 23.045753, 22.831474, 22.419241, 22.153267, 22.247013, 22.52173, 22.733383, 22.730671, 22.620998, 22.548363, 22.604454, 22.700306, 22.708935, 22.574438, 22.387075, 22.239143, 22.225222, 22.294044, 22.319101, 22.244862, 22.144192, 22.083202, 22.151781, 22.268532, 22.242653, 21.948021, 21.582222, 21.439987, 21.674305, 22.102057, 22.513809, 22.701349, 22.724472, 22.775749, 22.939545, 23.073914, 23.031971, 22.720257, 22.311815, 22.059462, 22.093033, 22.322708, 22.671841, 23.068031, 23.413317, 23.592697, 23.474451, 23.164478, 22.904213, 22.835831, 22.886021, 22.972948, 23.118937, 23.266985, 23.216309, 22.801712, 22.284824, 22.105062, 22.52589, 23.223717, 23.75742, 23.834541, 23.612158, 23.323427, 23.094654, 22.90806, 22.780663, 22.776876, 22.873232, 22.954941, 22.963173, 22.940708, 22.925152, 22.910513, 22.902592, 22.956705, 23.080687, 23.220671, 23.339397, 23.38192
22.69014, 22.606684, 22.328413, 22.008413, 21.855585, 21.975666, 22.262747, 22.60824, 22.943731, 23.187191, 23.20962, 22.862181, 22.351973, 22.083887, 22.362011, 22.887619, 23.161371, 22.872271, 22.339596, 22.009394, 22.179314, 22.587385, 22.840265, 22.687622, 22.360157, 22.18606, 22.378466, 22.71892, 22.888208, 22.701677, 22.354065, 22.095301, 22.107935, 22.267653, 22.364038, 22.297215, 22.16947, 22.073633, 22.1126, 22.205221, 22.168299, 21.870646, 21.515781, 21.422571, 21.765108, 22.305346, 22.743891, 22.809174, 22.644806, 22.574213, 22.778345, 23.038868, 23.080286, 22.740049, 22.25181, 21.93432, 21.965103, 22.222578, 22.576868, 22.919645, 23.199501, 23.371943, 23.343622, 23.161713, 22.992456, 22.922688, 22.913361, 22.941889, 23.048883, 23.175985, 23.152185, 22.819685, 22.405733, 22.316858, 22.7903, 23.495848, 23.988886, 23.980038, 23.652645, 23.271143, 23.01885, 22.854855, 22.707239, 22.601393, 22.584545, 22.617579, 22.70834, 22.829014, 22.886957, 22.770674, 22.593573, 22.600397, 22.885899, 23.27516, 23.608423, 23.720427
22.706646, 22.663933, 22.524332, 22.363379, 22.279547, 22.331659, 22.466427, 22.614155, 22.74077, 22.822136, 22.803463, 22.621988, 22.379128, 22.266335, 22.459436, 22.775463, 22.867731, 22.512215, 21.993017, 21.725586, 22.000288, 22.528114, 22.855492, 22.68462, 22.279539, 22.029411, 22.174206, 22.493034, 22.683792, 22.565289, 22.307146, 22.133493, 22.173826, 22.323849, 22.456974, 22.503557, 22.496584, 22.463442, 22.452412, 22.4317, 22.308584, 22.026882, 21.733988, 21.642542, 21.884262, 22.291809, 22.629215, 22.692244, 22.585718, 22.537289, 22.66666, 22.82901, 22.855215, 22.636499, 22.325304, 22.144302, 22.20919, 22.4228, 22.688499, 22.908272, 23.064785, 23.182459, 23.246189, 23.223801, 23.114052, 22.908812, 22.684591, 22.567097, 22.661701, 22.872906, 23.02515, 22.947197, 22.781733, 22.824043, 23.213306, 23.70162, 24.003672, 23.930977, 23.621437, 23.279291, 23.073006, 22.963167, 22.842182, 22.6938, 22.606459, 22.629623, 22.820902, 23.080507, 23.221773, 23.067945, 22.786943, 22.709108, 22.9821, 23.398764, 23.757198, 23.873655
22.835258, 22.842072, 22.873726, 22.908789, 22.9034, 22.868383, 22.810795, 22.681143, 22.474527, 22.276821, 22.174648, 22.255058, 22.442348, 22.579056, 22.624886, 22.593937, 22.410355, 22.009018, 21.581799, 21.438301, 21.808296, 22.41687, 22.816631, 22.704199, 22.317963, 22.023197, 22.028259, 22.18136, 22.30756, 22.301216, 22.243773, 22.240955, 22.305536, 22.398193, 22.546471, 22.74185, 22.910507, 22.982058, 22.923233, 22.767504, 22.544601, 22.303839, 22.10549, 21.995731, 22.029716, 22.174551, 22.344294, 22.470272, 22.552912, 22.609968, 22.622128, 22.586399, 22.544998, 22.497765, 22.458265, 22.489286, 22.60404, 22.750553, 22.893829, 22.962591, 22.970345, 23.009245, 23.156603, 23.297243, 23.2346, 22.855442, 22.375145, 22.09001, 22.180973, 22.506559, 22.879478, 23.115208, 23.249756, 23.426603, 23.656788, 23.820015, 23.862755, 23.743166, 23.518799, 23.285231, 23.153042, 23.103348, 23.037516, 22.907734, 22.809271, 22.858133, 23.132366, 23.482283, 23.682295, 23.537733, 23.221106, 23.057596, 23.211855, 23.509705, 23.768082, 23.847027
22.861841, 22.903681, 23.061344, 23.239931, 23.280237, 23.146051, 22.909983, 22.576075, 22.174961, 21.845556, 21.754297, 22.069609, 22.586046, 22.909266, 22.835819, 22.526855, 22.134943, 21.735147, 21.422417, 21.379114, 21.764278, 22.351225, 22.743738, 22.672295, 22.333872, 22.032007, 21.936682, 21.958986, 22.014124, 22.057192, 22.113852, 22.205164, 22.270273, 22.318634, 22.47674, 22.773388, 23.066385, 23.225763, 23.151266, 22.921265, 22.673731, 22.533411, 22.46903, 22.384546, 22.256521, 22.16464, 22.167536, 22.31295, 22.522106, 22.663874, 22.631495, 22.503119, 22.424982, 22.442425, 22.512001, 22.646784, 22.834713, 23.011517, 23.111933, 23.044395, 22.882486, 22.808649, 22.988852, 23.24334, 23.235987, 22.78219, 22.177813, 21.807367, 21.880432, 22.243118, 22.734797, 23.187029, 23.544859, 23.817865, 23.917915, 23.829239, 23.669947, 23.514288, 23.357008, 23.196955, 23.083023, 23.038242, 23.022669, 22.995293, 23.003469, 23.139826, 23.438347, 23.762238, 23.947931, 23.840759, 23.567801, 23.388117, 23.443356, 23.612623, 23.761164, 23.802614
22.681805, 22.722855, 22.888834, 23.075338, 23.092333, 22.874199, 22.544821, 22.198414, 21.899555, 21.727453, 21.798244, 22.218472, 22.77895, 23.122261, 23.029243, 22.667685, 22.260592, 21.93651, 21.724903, 21.700157, 21.967272, 22.379702, 22.634499, 22.539055, 22.252644, 22.000122, 21.933481, 21.972122, 21.991997, 21.940081, 21.883112, 21.876715, 21.903547, 21.964315, 22.141712, 22.436943, 22.731791, 22.92984, 22.913538, 22.748213, 22.611761, 22.62311, 22.691204, 22.678974, 22.518993, 22.322279, 22.219437, 22.294678, 22.469284, 22.629496, 22.70739, 22.719734, 22.6798, 22.542746, 22.38081, 22.382908, 22.66506, 23.045868, 23.268118, 23.136518, 22.820927, 22.611816, 22.732395, 22.985695, 23.031975, 22.692043, 22.220869, 21.929916, 21.973776, 22.240976, 22.643932, 23.06423, 23.423996, 23.696468, 23.789774, 23.69805, 23.523558, 23.348021, 23.170509, 22.969311, 22.767174, 22.639256, 22.642435, 22.792606, 23.034903, 23.320084, 23.560146, 23.714111, 23.803255, 23.772596, 23.648748, 23.575382, 23.621494, 23.718197, 23.80229, 23.827503
22.442316, 22.45919, 22.553816, 22.656879, 22.611031, 22.342604, 22.002045, 21.768167, 21.726933, 21.846127, 22.127289, 22.545252, 22.964003, 23.218803, 23.167635, 22.90011, 22.598961, 22.382774, 22.247213, 22.190605, 22.281078, 22.458366, 22.528212, 22.390923, 22.167805, 21.996067, 22.013855, 22.127604, 22.126963, 21.925131, 21.665773, 21.484241, 21.457111, 21.551144, 21.736914, 21.961033, 22.178303, 22.371592, 22.441006, 22.408401, 22.439283, 22.598825, 22.769503, 22.842766, 22.735781, 22.536543, 22.392776, 22.371466, 22.435305, 22.575581, 22.823006, 23.068829, 23.0951, 22.714956, 22.184662, 21.950985, 22.311844, 22.941076, 23.349291, 23.219322, 22.808525, 22.489311, 22.502443, 22.673504, 22.752163, 22.616083, 22.410267, 22.285358, 22.300287, 22.411335, 22.615231, 22.854942, 23.076727, 23.282265, 23.433792, 23.481079, 23.40712, 23.237061, 23.008093, 22.721251, 22.391796, 22.144665, 22.145407, 22.489439, 23.001402, 23.440699, 23.571972, 23.487122, 23.436434, 23.490314, 23.556215, 23.639956, 23.71763, 23.771101, 23.814854, 23.834288
22.306908, 22.303522, 22.335035, 22.364857, 22.273035, 21.981848, 21.654629, 21.533014, 21.71875, 22.082651, 22.519953, 22.89431, 23.146923, 23.289331, 23.266672, 23.093298, 22.884577, 22.732048, 22.627701, 22.537592, 22.513769, 22.546097, 22.507349, 22.358292, 22.190023, 22.070795, 22.11562, 22.241465, 22.219507, 21.962635, 21.634464, 21.382257, 21.322557, 21.412214, 21.558954, 21.691591, 21.817078, 21.960352, 22.040783, 22.06768, 22.200891, 22.470045, 22.739002, 22.91897, 22.908421, 22.761826, 22.624384, 22.535437, 22.493181, 22.58111, 22.905907, 23.280506, 23.347773, 22.843578, 22.123363, 21.759333, 22.139524, 22.87377, 23.366968, 23.250896, 22.816307, 22.456568, 22.401611, 22.506475, 22.602198, 22.61607, 22.605324, 22.595881, 22.572052, 22.549593, 22.601618, 22.73234, 22.887039, 23.05044, 23.199696, 23.285357, 23.252253, 23.11264, 22.903543, 22.606928, 22.204071, 21.867649, 21.866724, 22.368343, 23.091454, 23.63299, 23.6488, 23.342419, 23.132288, 23.196899, 23.367775, 23.542902, 23.639648, 23.676975, 23.705286, 23.723328
22.362204, 22.359524, 22.388376, 22.415886, 22.335419, 22.061815, 21.755791, 21.679512, 21.945541, 22.385321, 22.839331, 23.134747, 23.263083, 23.311317, 23.288321, 23.168701, 22.988049, 22.79594, 22.631386, 22.514103, 22.521383, 22.614639, 22.639774, 22.542391, 22.403685, 22.272911, 22.23143, 22.246943, 22.198204, 22.062326, 21.916094, 21.787786, 21.722511, 21.724014, 21.758478, 21.815228, 21.887308, 21.946505, 21.911774, 21.844894, 21.931875, 22.218605, 22.558792, 22.850161, 22.966879, 22.931282, 22.863363, 22.774616, 22.673141, 22.673807, 22.891289, 23.1709, 23.223473, 22.844648, 22.308714, 22.044489, 22.343197, 22.907141, 23.281738, 23.181534, 22.834917, 22.558079, 22.537041, 22.646465, 22.735538, 22.742558, 22.716505, 22.672581, 22.584574, 22.499933, 22.544357, 22.770884, 23.059423, 23.275997, 23.314831, 23.221277, 23.088062, 23.014076, 22.954716, 22.787418, 22.409838, 22.040817, 22.039604, 22.628227, 23.450241, 23.997162, 23.884539, 23.390211, 22.999125, 22.97261, 23.128372, 23.285896, 23.351185, 23.374571, 23.392063, 23.403858
22.534401, 22.54044, 22.588062, 22.638702, 22.594788, 22.371204, 22.108055, 22.045568, 22.294731, 22.692148, 23.066486, 23.260433, 23.295439, 23.268324, 23.233019, 23.147112, 22.962881, 22.679819, 22.409233, 22.271166, 22.390928, 22.657337, 22.835693, 22.811512, 22.674345, 22.495541, 22.327862, 22.196699, 22.132336, 22.193512, 22.330759, 22.412058, 22.366831, 22.261511, 22.169586, 22.167955, 22.206709, 22.169125, 21.97138, 21.748264, 21.710934, 21.941719, 22.302317, 22.672981, 22.914043, 23.015942, 23.054083, 23.009903, 22.888004, 22.798588, 22.825115, 22.900318, 22.908255, 22.771757, 22.596592, 22.54121, 22.710159, 22.973413, 23.137558, 23.064499, 22.870062, 22.741676, 22.802507, 22.944006, 23.006058, 22.918972, 22.766241, 22.617491, 22.476383, 22.394169, 22.511854, 22.905682, 23.38179, 23.676043, 23.576998, 23.24486, 22.972942, 22.970531, 23.092358, 23.099899, 22.808367, 22.45993, 22.456514, 23.041685, 23.837177, 24.312168, 24.110767, 23.52763, 23.007685, 22.839996, 22.886635, 22.95208, 22.975599, 23.01362, 23.046408, 23.056887
22.746382, 22.751459, 22.790356, 22.831791, 22.797144, 22.618805, 22.408339, 22.35589, 22.553316, 22.868784, 23.156916, 23.302898, 23.321096, 23.259912, 23.174164, 23.0467, 22.817957, 22.482389, 22.178537, 22.062983, 22.276911, 22.665451, 22.941095, 22.946617, 22.784414, 22.556421, 22.303621, 22.085882, 22.033442, 22.245844, 22.590824, 22.850916, 22.877934, 22.755545, 22.614069, 22.569775, 22.554205, 22.420588, 22.104479, 21.777685, 21.647791, 21.821934, 22.176199, 22.571589, 22.860859, 23.026981, 23.126276, 23.132702, 23.034672, 22.910212, 22.801071, 22.715128, 22.67959, 22.715761, 22.802898, 22.905146, 22.993145, 23.052765, 23.070978, 23.012354, 22.915361, 22.877802, 22.980595, 23.131819, 23.170008, 23.016375, 22.781775, 22.589197, 22.474136, 22.459129, 22.64773, 23.10088, 23.613224, 23.88888, 23.691597, 23.231543, 22.882441, 22.897976, 23.099598, 23.212671, 23.036987, 22.782862, 22.791468, 23.251789, 23.862085, 24.227442, 24.108997, 23.696175, 23.236444, 22.915468, 22.725676, 22.62472, 22.660368, 22.81625, 22.953852, 22.990421
22.879595, 22.870176, 22.862743, 22.850599, 22.785395, 22.629929, 22.469332, 22.438782, 22.596727, 22.849369, 23.103472, 23.29434, 23.387217, 23.333778, 23.137928, 22.859184, 22.532629, 22.217844, 22.005808, 21.978729, 22.240763, 22.646507, 22.903822, 22.847195, 22.604038, 22.321621, 22.070478, 21.892502, 21.891993, 22.126337, 22.483486, 22.813597, 22.983368, 23.007587, 22.958572, 22.89547, 22.786474, 22.567469, 22.227741, 21.909286, 21.777021, 21.939505, 22.281153, 22.63068, 22.830374, 22.906227, 22.962519, 23.012407, 23.006609, 22.955751, 22.858624, 22.747475, 22.683102, 22.695515, 22.763908, 22.872839, 23.005337, 23.12324, 23.179314, 23.11834, 22.991352, 22.9105, 22.964867, 23.074434, 23.097685, 22.95351, 22.752832, 22.642155, 22.6752, 22.805731, 23.030321, 23.340055, 23.623642, 23.724073, 23.528877, 23.169855, 22.856394, 22.756311, 22.799963, 22.840528, 22.796593, 22.753975, 22.816713, 22.992117, 23.206169, 23.440882, 23.6926, 23.858736, 23.772902, 23.31546, 22.724848, 22.371773, 22.517761, 22.950497, 23.330006, 23.436476
22.960964, 22.932566, 22.868544, 22.790321, 22.676996, 22.526091, 22.40134, 22.38118, 22.486296, 22.670095, 22.910086, 23.197508, 23.425304, 23.423529, 23.114206, 22.652298, 22.217255, 21.963182, 21.896772, 21.97637, 22.245182, 22.598352, 22.77212, 22.615942, 22.282072, 21.96096, 21.769258, 21.701979, 21.767103, 21.938589, 22.18293, 22.496893, 22.813969, 23.046131, 23.15789, 23.107426, 22.918905, 22.655777, 22.366062, 22.125868, 22.040792, 22.205456, 22.512939, 22.7665, 22.806818, 22.721653, 22.684896, 22.766132, 22.875593, 22.948151, 22.945751, 22.892052, 22.814457, 22.699833, 22.597052, 22.62652, 22.863075, 23.171556, 23.357367, 23.281294, 23.056055, 22.864967, 22.834234, 22.887831, 22.905716, 22.805004, 22.68635, 22.705038, 22.926083, 23.222641, 23.462204, 23.544771, 23.496164, 23.372646, 23.244093, 23.10384, 22.893337, 22.636782, 22.427818, 22.312073, 22.376167, 22.557442, 22.677639, 22.533781, 22.315407, 22.43301, 23.132023, 23.979267, 24.367329, 23.826511, 22.846069, 22.257006, 22.540348, 23.266787, 23.901852, 24.084612
23.131561, 23.081385, 22.957771, 22.809069, 22.629786, 22.460394, 22.34771, 22.295771, 22.287859, 22.349672, 22.548883, 22.939774, 23.338964, 23.457605, 23.121998, 22.558249, 22.077204, 21.911345, 21.977556, 22.113306, 22.296608, 22.497742, 22.542566, 22.338642, 22.019018, 21.747797, 21.64225, 21.67058, 21.773279, 21.867147, 21.982029, 22.227991, 22.597105, 22.942545, 23.16604, 23.157072, 22.968487, 22.747034, 22.566635, 22.437355, 22.410181, 22.548492, 22.770744, 22.910517, 22.842899, 22.673664, 22.582422, 22.656898, 22.805981, 22.941004, 23.018913, 23.039013, 22.976191, 22.774519, 22.539995, 22.490381, 22.773842, 23.190912, 23.437922, 23.322159, 23.009331, 22.733393, 22.649307, 22.68189, 22.719873, 22.675732, 22.635391, 22.747766, 23.07716, 23.453327, 23.673365, 23.586111, 23.30969, 23.04513, 22.970169, 22.992233, 22.906885, 22.65237, 22.382534, 22.216333, 22.29516, 22.510838, 22.607965, 22.326143, 21.946787, 22.027216, 22.894394, 24.000864, 24.59234, 24.070168, 22.996313, 22.357386, 22.69606, 23.510811, 24.221979, 24.429157
23.44574, 23.368904, 23.175861, 22.944399, 22.677387, 22.473335, 22.359877, 22.233583, 22.03587, 21.899618, 22.00861, 22.488926, 23.084324, 23.405041, 23.176559, 22.649639, 22.222443, 22.167116, 22.32023, 22.426598, 22.403679, 22.334929, 22.214151, 22.06356, 21.927095, 21.83115, 21.811867, 21.862833, 21.946556, 21.993551, 22.03437, 22.181549, 22.434713, 22.688515, 22.898033, 22.9732, 22.927462, 22.871147, 22.834112, 22.797543, 22.798752, 22.86282, 22.950203, 23.001303, 22.97011, 22.896816, 22.851105, 22.859829, 22.899998, 22.966545, 23.073345, 23.171837, 23.1633, 22.961588, 22.695051, 22.586727, 22.806538, 23.164507, 23.343794, 23.1688, 22.822086, 22.524065, 22.427992, 22.469587, 22.54298, 22.565126, 22.595066, 22.740063, 23.034693, 23.338478, 23.496092, 23.386026, 23.115232, 22.871084, 22.786976, 22.80434, 22.822647, 22.824888, 22.834614, 22.812149, 22.74251, 22.663689, 22.61548, 22.549967, 22.52379, 22.73361, 23.284986, 23.897522, 24.188951, 23.823048, 23.134501, 22.7474, 23.005352, 23.577351, 24.075563, 24.223139
23.732597, 23.63636, 23.396955, 23.109436, 22.770178, 22.522461, 22.385813, 22.171032, 21.793871, 21.479418, 21.502472, 22.03824, 22.785561, 23.304628, 23.249352, 22.851004, 22.535862, 22.575098, 22.755957, 22.778866, 22.523499, 22.179478, 21.912161, 21.863197, 21.968206, 22.083462, 22.137539, 22.169657, 22.202059, 22.214827, 22.210123, 22.243326, 22.298103, 22.359406, 22.484533, 22.648216, 22.797443, 22.947878, 23.053879, 23.091639, 23.109585, 23.095203, 23.050259, 23.044609, 23.119862, 23.217842, 23.258745, 23.178928, 23.048363, 22.987679, 23.090847, 23.257473, 23.316599, 23.16341, 22.925657, 22.781244, 22.889402, 23.107983, 23.162806, 22.928846, 22.583776, 22.307449, 22.237654, 22.317493, 22.434813, 22.511395, 22.581602, 22.702147, 22.869619, 23.014263, 23.093298, 23.059595, 22.946075, 22.830013, 22.714279, 22.636703, 22.72699, 23.078833, 23.501884, 23.699816, 23.412897, 22.906816, 22.673321, 22.99449, 23.558592, 23.966661, 23.963171, 23.716064, 23.46155, 23.315725, 23.24227, 23.248741, 23.353737, 23.516903, 23.65737, 23.702774
23.795345, 23.709925, 23.514132, 23.275631, 22.941126, 22.636446, 22.413656, 22.10885, 21.671322, 21.329748, 21.339289, 21.853306, 22.598373, 23.189447, 23.293659, 23.072443, 22.882227, 22.937927, 23.049477, 22.965845, 22.585199, 22.127104, 21.822626, 21.859701, 22.117348, 22.363245, 22.467064, 22.486874, 22.472956, 22.438732, 22.377016, 22.307154, 22.218702, 22.152096, 22.203028, 22.378958, 22.609495, 22.873529, 23.094187, 23.226679, 23.298029, 23.253181, 23.125063, 23.072687, 23.194736, 23.375418, 23.452021, 23.320534, 23.098156, 22.954004, 23.007729, 23.161312, 23.257349, 23.216305, 23.111137, 23.013208, 23.018921, 23.063215, 22.975245, 22.6929, 22.372093, 22.169001, 22.213104, 22.415892, 22.606562, 22.677588, 22.679752, 22.679712, 22.679333, 22.667381, 22.690882, 22.767628, 22.854536, 22.907312, 22.794828, 22.638903, 22.774652, 23.381235, 24.104687, 24.480494, 24.084412, 23.319731, 22.96319, 23.521784, 24.441208, 24.906275, 24.427212, 23.508833, 22.827814, 22.850712, 23.260654, 23.559168, 23.506704, 23.30875, 23.134394, 23.087196
23.478529, 23.446625, 23.418406, 23.374231, 23.159462, 22.788713, 22.403641, 22.04018, 21.767471, 21.667786, 21.796745, 22.172852, 22.661236, 23.087484, 23.266514, 23.233614, 23.144903, 23.09355, 23.015087, 22.82921, 22.53223, 22.246212, 22.079487, 22.136974, 22.345299, 22.545328, 22.650259, 22.683413, 22.650854, 22.551628, 22.414871, 22.291767, 22.221268, 22.208515, 22.254015, 22.316631, 22.404261, 22.590927, 22.861626, 23.115429, 23.297464, 23.307968, 23.189882, 23.102413, 23.139059, 23.214809, 23.22109, 23.114229, 22.966633, 22.843857, 22.790565, 22.801439, 22.867035, 22.994232, 23.136236, 23.20314, 23.175081, 23.072193, 22.864569, 22.534626, 22.219929, 22.123281, 22.404514, 22.868252, 23.184502, 23.14805, 22.905222, 22.65328, 22.480858, 22.384092, 22.421534, 22.637321, 22.932173, 23.149496, 23.059286, 22.835388, 22.926956, 23.542734, 24.296629, 24.745571, 24.480789, 23.844931, 23.522007, 23.981003, 24.725578, 24.991756, 24.366114, 23.363268, 22.611275, 22.610779, 23.046564, 23.322947, 23.175606, 22.869701, 22.603748, 22.523838
22.988676, 23.025581, 23.205612, 23.404097, 23.357727, 22.936522, 22.384491, 21.999329, 21.99478, 22.247097, 22.547714, 22.741934, 22.871006, 23.020321, 23.204445, 23.325298, 23.299297, 23.082039, 22.774494, 22.511181, 22.417135, 22.454586, 22.513821, 22.550819, 22.594692, 22.645391, 22.71254, 22.762482, 22.730227, 22.580723, 22.391258, 22.265335, 22.29896, 22.422638, 22.491671, 22.388159, 22.232901, 22.239225, 22.491093, 22.834221, 23.124573, 23.233562, 23.193794, 23.103039, 23.006298, 22.895756, 22.789879, 22.750448, 22.75897, 22.713514, 22.541519, 22.362846, 22.364223, 22.657072, 23.06168, 23.328098, 23.310486, 23.10401, 22.820246, 22.470909, 22.171043, 22.187229, 22.715807, 23.443514, 23.872526, 23.691545, 23.161327, 22.642092, 22.332914, 22.209688, 22.297869, 22.639759, 23.103109, 23.451553, 23.400803, 23.140827, 23.146618, 23.612408, 24.211948, 24.639557, 24.612465, 24.306887, 24.105536, 24.29068, 24.589678, 24.552898, 24.006552, 23.282005, 22.687374, 22.565605, 22.763521, 22.845049, 22.659279, 22.411354, 22.199299, 22.12755
22.671936, 22.756128, 23.076063, 23.438095, 23.513849, 23.084307, 22.447084, 22.048761, 22.182505, 22.612934, 22.993799, 23.085648, 23.020966, 23.011438, 23.179979, 23.364286, 23.34823, 23.009241, 22.553566, 22.258295, 22.332693, 22.622028, 22.857386, 22.881231, 22.79833, 22.73321, 22.765118, 22.821354, 22.798517, 22.645035, 22.455524, 22.34585, 22.435795, 22.619415, 22.674006, 22.453932, 22.142235, 22.009211, 22.193312, 22.535458, 22.859644, 23.041656, 23.091696, 23.035364, 22.862749, 22.628649, 22.455713, 22.476784, 22.604118, 22.629511, 22.400261, 22.111286, 22.0758, 22.470018, 23.03076, 23.412165, 23.380564, 23.091198, 22.78158, 22.507172, 22.319427, 22.449854, 23.062412, 23.830168, 24.248285, 23.997744, 23.364223, 22.749903, 22.395451, 22.269384, 22.365656, 22.701571, 23.168516, 23.571619, 23.655851, 23.540134, 23.590509, 23.914946, 24.291946, 24.593317, 24.687588, 24.608082, 24.47381, 24.416971, 24.359583, 24.105371, 23.653292, 23.190189, 22.80163, 22.698055, 22.812475, 22.814325, 22.604439, 22.355154, 22.143152, 22.068577
22.745394, 22.82789, 23.137812, 23.488983, 23.570364, 23.191816, 22.613342, 22.199114, 22.192497, 22.443779, 22.727497, 22.896374, 22.997784, 23.098242, 23.230896, 23.3083, 23.216112, 22.884956, 22.479805, 22.237808, 22.338772, 22.639051, 22.890608, 22.938435, 22.87331, 22.815866, 22.827345, 22.852459, 22.837065, 22.761843, 22.669985, 22.601072, 22.626997, 22.695532, 22.660122, 22.448631, 22.193745, 22.05611, 22.127834, 22.328123, 22.558285, 22.751995, 22.881271, 22.904902, 22.76597, 22.540476, 22.386581, 22.432299, 22.578672, 22.643421, 22.47851, 22.248339, 22.239317, 22.608671, 23.111605, 23.431498, 23.333462, 22.997791, 22.730629, 22.647995, 22.692028, 22.908031, 23.32568, 23.774366, 23.99902, 23.830585, 23.42585, 23.018459, 22.765684, 22.657299, 22.675709, 22.792723, 23.002777, 23.322254, 23.63843, 23.895288, 24.194284, 24.490358, 24.671284, 24.737755, 24.656191, 24.455961, 24.23218, 24.140985, 24.116846, 23.922348, 23.49181, 23.050394, 22.796947, 22.965673, 23.363787, 23.549654, 23.311373, 22.890831, 22.527098, 22.413481
23.042984, 23.091486, 23.292206, 23.517178, 23.527979, 23.232965, 22.801899, 22.388466, 22.113565, 22.013367, 22.11445, 22.449408, 22.892057, 23.230843, 23.311188, 23.191515, 22.979801, 22.729679, 22.486067, 22.343857, 22.392475, 22.569107, 22.740276, 22.816488, 22.83215, 22.839632, 22.84218, 22.827278, 22.823685, 22.859827, 22.902105, 22.886211, 22.805752, 22.696636, 22.558023, 22.430304, 22.341375, 22.271618, 22.220068, 22.21734, 22.291193, 22.454506, 22.64045, 22.757202, 22.714779, 22.580254, 22.497402, 22.542854, 22.644022, 22.72085, 22.682678, 22.603292, 22.649342, 22.907923, 23.218903, 23.378092, 23.21101, 22.885365, 22.710255, 22.849663, 23.13818, 23.390827, 23.474892, 23.446175, 23.402449, 23.388756, 23.368336, 23.31628, 23.248133, 23.182205, 23.097757, 22.91345, 22.755344, 22.913811, 23.464626, 24.148211, 24.75193, 25.064318, 25.077768, 24.885403, 24.516581, 24.059385, 23.695, 23.671253, 23.854801, 23.855085, 23.447086, 22.954287, 22.808861, 23.315117, 24.092155, 24.54438, 24.305796, 23.701828, 23.173988, 23.021725
23.336168, 23.347742, 23.429501, 23.517046, 23.451899, 23.233454, 22.948681, 22.570459, 22.115414, 21.759804, 21.715967, 22.144205, 22.802961, 23.301783, 23.367714, 23.145399, 22.870783, 22.665304, 22.506243, 22.413324, 22.432455, 22.541403, 22.657679, 22.721113, 22.75079, 22.783075, 22.806219, 22.811651, 22.84054, 22.925108, 23.008986, 23.000422, 22.863014, 22.671106, 22.499079, 22.444416, 22.470654, 22.451227, 22.329538, 22.199718, 22.16131, 22.266191, 22.444496, 22.613153, 22.687363, 22.691414, 22.705896, 22.736246, 22.75633, 22.799372, 22.844517, 22.883467, 22.968287, 23.12191, 23.265799, 23.299799, 23.109156, 22.832771, 22.750971, 23.045147, 23.485487, 23.735529, 23.557367, 23.16992, 22.9219, 23.014009, 23.273134, 23.487299, 23.563688, 23.541327, 23.406, 23.035793, 22.63998, 22.701105, 23.424049, 24.403728, 25.207788, 25.490049, 25.342407, 24.989588, 24.549297, 24.072945, 23.685785, 23.615055, 23.767216, 23.786371, 23.433136, 23.02067, 23.021875, 23.712896, 24.655064, 25.249079, 25.072639, 24.450191, 23.902552, 23.752937
23.473881, 23.462807, 23.471439, 23.474535, 23.363108, 23.168804, 22.951096, 22.642736, 22.242258, 21.918285, 21.8587, 22.197128, 22.739843, 23.183678, 23.319569, 23.226208, 23.032063, 22.787365, 22.531534, 22.376822, 22.432678, 22.619316, 22.765112, 22.757656, 22.679062, 22.649502, 22.720636, 22.825237, 22.905174, 22.930536, 22.909803, 22.842384, 22.745819, 22.642996, 22.541334, 22.487705, 22.479071, 22.447956, 22.370806, 22.300001, 22.281982, 22.32085, 22.401905, 22.543381, 22.72468, 22.887392, 22.993029, 22.969679, 22.860685, 22.800442, 22.838493, 22.921328, 23.028736, 23.144547, 23.234728, 23.252262, 23.115564, 22.921537, 22.890921, 23.174179, 23.565437, 23.75094, 23.518354, 23.089783, 22.80308, 22.863886, 23.112406, 23.338373, 23.439444, 23.45369, 23.381472, 23.085619, 22.75456, 22.877029, 23.64786, 24.644588, 25.430044, 25.608095, 25.33749, 25.013329, 24.876526, 24.783607, 24.553066, 24.202057, 23.873363, 23.573933, 23.321848, 23.224579, 23.423153, 23.990938, 24.679668, 25.14798, 25.104267, 24.731548, 24.400362, 24.317295
23.511721, 23.487776, 23.455318, 23.410891, 23.272264, 23.068508, 22.865278, 22.635267, 22.405968, 22.262104, 22.26226, 22.436781, 22.714565, 23.002005, 23.235687, 23.363003, 23.306503, 22.990677, 22.568472, 22.305153, 22.413548, 22.723249, 22.924709, 22.826777, 22.600981, 22.481768, 22.612032, 22.843449, 22.973658, 22.883574, 22.686882, 22.530397, 22.524837, 22.598347, 22.623888, 22.543221, 22.432713, 22.367235, 22.397638, 22.481073, 22.551846, 22.526785, 22.470156, 22.537373, 22.795908, 23.097862, 23.275652, 23.19228, 22.958143, 22.776707, 22.752544, 22.819864, 22.926605, 23.042187, 23.148697, 23.213078, 23.169046, 23.068533, 23.055773, 23.221453, 23.439688, 23.52985, 23.38377, 23.124775, 22.919434, 22.881863, 22.952614, 23.037937, 23.086496, 23.122356, 23.164881, 23.086464, 22.991467, 23.247162, 23.950417, 24.758377, 25.378773, 25.44338, 25.129671, 24.963879, 25.281677, 25.710257, 25.713072, 25.0457, 24.125416, 23.408272, 23.253433, 23.507757, 23.858831, 24.134741, 24.376144, 24.5895, 24.694374, 24.681646, 24.664742, 24.673103
23.531115, 23.50091, 23.444708, 23.373404, 23.229059, 23.039192, 22.865252, 22.70022, 22.577724, 22.536541, 22.577387, 22.680964, 22.830074, 23.028589, 23.28771, 23.496456, 23.475397, 23.096075, 22.573961, 22.245508, 22.383366, 22.767981, 22.997522, 22.827175, 22.493729, 22.317743, 22.515139, 22.865732, 23.035944, 22.822239, 22.442009, 22.193048, 22.27648, 22.528542, 22.699701, 22.635868, 22.470011, 22.383173, 22.478355, 22.646769, 22.751795, 22.66275, 22.497965, 22.494318, 22.771555, 23.140644, 23.37533, 23.319744, 23.088839, 22.862543, 22.738596, 22.692158, 22.719294, 22.827639, 22.981728, 23.113001, 23.142281, 23.105631, 23.107325, 23.187393, 23.281084, 23.335505, 23.321936, 23.261473, 23.175928, 23.088652, 23.016657, 22.972254, 22.951729, 22.970575, 23.06991, 23.156885, 23.256224, 23.585382, 24.146149, 24.70715, 25.136133, 25.125677, 24.841473, 24.860895, 25.537146, 26.355381, 26.590906, 25.828968, 24.616501, 23.67132, 23.544397, 23.939102, 24.301874, 24.341202, 24.276466, 24.320459, 24.529842, 24.772713, 24.978998, 25.05217
23.566648, 23.531506, 23.447563, 23.34605, 23.215218, 23.11091, 23.043688, 22.933893, 22.743227, 22.580046, 22.584703, 22.830053, 23.183077, 23.475302, 23.620014, 23.612522, 23.407393, 22.978079, 22.492947, 22.198925, 22.338068, 22.719948, 22.942808, 22.75997, 22.413921, 22.236664, 22.465004, 22.854231, 23.014019, 22.701466, 22.197268, 21.896547, 22.049669, 22.436167, 22.744907, 22.771374, 22.64624, 22.561136, 22.617943, 22.715317, 22.74007, 22.598553, 22.406321, 22.363956, 22.56687, 22.875454, 23.137817, 23.256504, 23.245136, 23.118416, 22.868084, 22.582182, 22.419827, 22.499451, 22.723751, 22.928267, 22.985443, 22.960705, 22.979044, 23.053928, 23.135651, 23.254465, 23.397383, 23.511864, 23.568815, 23.534002, 23.433445, 23.328434, 23.242037, 23.18977, 23.221573, 23.297594, 23.417473, 23.69039, 24.081518, 24.454205, 24.764912, 24.771746, 24.59873, 24.751186, 25.486393, 26.332123, 26.69943, 26.216246, 25.284964, 24.478304, 24.219219, 24.33073, 24.485699, 24.538506, 24.604696, 24.748894, 24.953094, 25.144304, 25.304644, 25.366396
23.567152, 23.535463, 23.450003, 23.348698, 23.250269, 23.235067, 23.263075, 23.17248, 22.842922, 22.485353, 22.434923, 22.901133, 23.578985, 24.031908, 24.009472, 23.67547, 23.214636, 22.763624, 22.391411, 22.181213, 22.29636, 22.618612, 22.808819, 22.654146, 22.362478, 22.225754, 22.461901, 22.836071, 22.961081, 22.591141, 22.029207, 21.711203, 21.900629, 22.356531, 22.758142, 22.890894, 22.850449, 22.781401, 22.753447, 22.712509, 22.617561, 22.452282, 22.293272, 22.238852, 22.31785, 22.487816, 22.74015, 23.075106, 23.363255, 23.401451, 23.037266, 22.4918, 22.122189, 22.177465, 22.480877, 22.750914, 22.796951, 22.738724, 22.760208, 22.87228, 23.009548, 23.2416, 23.531956, 23.782589, 23.970778, 24.031229, 23.962841, 23.839167, 23.695734, 23.553368, 23.46357, 23.443556, 23.496708, 23.653757, 23.874302, 24.101305, 24.340521, 24.420801, 24.40341, 24.642698, 25.239397, 25.876881, 26.283504, 26.255409, 25.907278, 25.445232, 24.997347, 24.635683, 24.482347, 24.663609, 25.056961, 25.411377, 25.538548, 25.515104, 25.487436, 25.495888
23.485435, 23.480951, 23.482841, 23.482491, 23.440607, 23.400335, 23.352198, 23.177973, 22.780117, 22.379143, 22.333918, 22.887058, 23.683823, 24.187067, 24.076443, 23.593439, 23.043634, 22.652172, 22.407839, 22.261683, 22.300694, 22.488276, 22.590082, 22.450184, 22.23304, 22.1849, 22.488377, 22.908215, 23.063868, 22.701733, 22.121319, 21.771753, 21.916729, 22.33008, 22.72613, 22.922495, 22.971704, 22.940454, 22.851265, 22.703503, 22.529139, 22.375114, 22.273159, 22.232416, 22.226145, 22.284235, 22.500788, 22.943405, 23.399086, 23.54101, 23.135307, 22.470921, 22.005213, 22.056425, 22.401388, 22.685389, 22.671831, 22.537188, 22.54632, 22.746813, 23.015831, 23.362635, 23.679939, 23.902237, 24.101435, 24.246391, 24.274195, 24.209101, 24.056824, 23.85763, 23.687586, 23.614677, 23.628746, 23.688654, 23.745869, 23.818211, 23.964045, 24.086292, 24.19224, 24.49682, 24.968288, 25.427031, 25.866205, 26.204672, 26.333744, 26.205225, 25.737755, 25.134199, 24.772699, 24.926569, 25.373348, 25.747553, 25.821081, 25.725996, 25.637049, 25.624773
23.229479, 23.29734, 23.552719, 23.842031, 23.908113, 23.642178, 23.211353, 22.772339, 22.442373, 22.277948, 22.344629, 22.724909, 23.245586, 23.588734, 23.549694, 23.267166, 22.938259, 22.719681, 22.582012, 22.443159, 22.346861, 22.323513, 22.271034, 22.103189, 21.951128, 22.038872, 22.508484, 23.092426, 23.400282, 23.150507, 22.60701, 22.197557, 22.169424, 22.364151, 22.600883, 22.790655, 22.934679, 22.987366, 22.905392, 22.735714, 22.568197, 22.470856, 22.436329, 22.441452, 22.446177, 22.482897, 22.637093, 22.9674, 23.30788, 23.407164, 23.083029, 22.564417, 22.216667, 22.308542, 22.633745, 22.845026, 22.693546, 22.411007, 22.370964, 22.719906, 23.219908, 23.667952, 23.823698, 23.769981, 23.788504, 23.976259, 24.170238, 24.262119, 24.169243, 23.97217, 23.807396, 23.771378, 23.813494, 23.849604, 23.818615, 23.779379, 23.827642, 23.90765, 24.020081, 24.345352, 24.825474, 25.299835, 25.794981, 26.196957, 26.391094, 26.402851, 26.199162, 25.844624, 25.511177, 25.330473, 25.288895, 25.340519, 25.479698, 25.675232, 25.842857, 25.898674
22.952885, 23.097198, 23.627081, 24.229122, 24.396034, 23.844221, 22.954945, 22.218229, 22.020485, 22.196236, 22.407671, 22.503841, 22.583843, 22.684965, 22.798603, 22.878201, 22.9041, 22.887287, 22.820112, 22.654966, 22.42062, 22.190521, 21.984102, 21.779331, 21.681843, 21.902538, 22.542416, 23.300446, 23.784462, 23.690767, 23.226936, 22.767738, 22.53046, 22.445353, 22.45664, 22.587046, 22.795677, 22.931313, 22.891708, 22.75745, 22.651609, 22.63224, 22.66378, 22.728846, 22.79945, 22.869785, 22.95573, 23.063713, 23.143286, 23.124979, 22.948265, 22.713854, 22.594128, 22.741896, 23.006536, 23.105289, 22.806082, 22.375854, 22.280371, 22.776997, 23.507408, 24.013876, 23.918888, 23.492441, 23.248028, 23.440594, 23.807299, 24.084965, 24.087074, 23.935516, 23.829704, 23.868647, 23.960651, 24.019098, 23.976927, 23.895514, 23.880859, 23.888474, 23.93882, 24.235359, 24.758898, 25.31197, 25.830664, 26.103611, 26.128756, 26.156101, 26.32305, 26.442514, 26.2778, 25.693602, 24.996649, 24.613297, 24.846052, 25.429939, 25.940111, 26.08754
22.976873, 23.123468, 23.677946, 24.305721, 24.442835, 23.76737, 22.732889, 21.938654, 21.872583, 22.257589, 22.545404, 22.444824, 22.22196, 22.164545, 22.404442, 22.755913, 23.030268, 23.122225, 23.060223, 22.856165, 22.549381, 22.221037, 21.945795, 21.735706, 21.67819, 21.960932, 22.65696, 23.464169, 24.007532, 23.987068, 23.575457, 23.106684, 22.78767, 22.583057, 22.463434, 22.490517, 22.641228, 22.758936, 22.749466, 22.685219, 22.659449, 22.693855, 22.755825, 22.857141, 22.988216, 23.103121, 23.159113, 23.116142, 23.008797, 22.906305, 22.840706, 22.814178, 22.85116, 23.00503, 23.18824, 23.213831, 22.895247, 22.470394, 22.389032, 22.937038, 23.721729, 24.175043, 23.879719, 23.209345, 22.782099, 22.939903, 23.385111, 23.776575, 23.869545, 23.797272, 23.785608, 23.918236, 24.069725, 24.152277, 24.085152, 23.940727, 23.860865, 23.838457, 23.880745, 24.151117, 24.634001, 25.149906, 25.616388, 25.790497, 25.73105, 25.808222, 26.242523, 26.693943, 26.691858, 25.948816, 24.923702, 24.265375, 24.433969, 25.084305, 25.657312, 25.811972
23.544935, 23.571384, 23.735821, 23.913483, 23.809446, 23.297443, 22.656273, 22.198626, 22.213558, 22.528307, 22.762812, 22.685055, 22.496969, 22.469431, 22.72854, 23.084631, 23.334885, 23.360476, 23.222572, 22.988361, 22.732077, 22.495024, 22.294989, 22.12451, 22.069096, 22.285919, 22.850914, 23.508005, 23.916336, 23.811665, 23.382528, 22.96726, 22.802635, 22.783234, 22.734104, 22.625534, 22.541599, 22.478003, 22.453773, 22.47426, 22.514696, 22.538498, 22.563511, 22.646578, 22.792042, 22.937325, 23.038881, 23.049555, 22.98753, 22.907307, 22.831312, 22.768742, 22.75425, 22.825174, 22.934801, 22.991701, 22.877682, 22.710907, 22.754511, 23.173283, 23.697319, 23.937698, 23.609268, 23.010998, 22.630157, 22.746, 23.128027, 23.498903, 23.637623, 23.643917, 23.721581, 23.931921, 24.133059, 24.223986, 24.100191, 23.865227, 23.730181, 23.764006, 23.904293, 24.165077, 24.455875, 24.722403, 25.033003, 25.254265, 25.361631, 25.586668, 26.025614, 26.421757, 26.477224, 26.023743, 25.324776, 24.730043, 24.549471, 24.662489, 24.773111, 24.777895
24.288528, 24.14773, 23.75696, 23.295788, 22.880543, 22.680182, 22.682859, 22.733707, 22.780308, 22.864719, 22.973785, 23.044819, 23.088505, 23.201727, 23.419315, 23.626316, 23.694921, 23.551531, 23.288942, 23.028948, 22.896261, 22.863106, 22.822498, 22.712568, 22.630741, 22.708994, 23.046766, 23.454718, 23.631634, 23.364519, 22.883705, 22.552994, 22.653963, 22.964766, 23.094038, 22.860241, 22.485781, 22.18519, 22.13031, 22.234692, 22.325447, 22.302662, 22.254551, 22.290432, 22.428137, 22.599026, 22.7827, 22.942749, 23.034121, 23.023512, 22.87463, 22.65608, 22.491873, 22.448044, 22.501097, 22.640709, 22.819225, 23.004541, 23.209705, 23.415665, 23.54394, 23.518417, 23.264433, 22.913454, 22.698524, 22.757313, 22.982914, 23.24157, 23.388325, 23.465643, 23.620892, 23.884743, 24.118368, 24.214905, 24.048269, 23.747942, 23.59038, 23.715994, 23.98172, 24.238832, 24.307835, 24.277895, 24.403309, 24.706139, 25.036383, 25.390223, 25.665791, 25.803007, 25.86075, 25.911255, 25.865561, 25.540726, 24.944321, 24.302294, 23.759228, 23.561285
24.610857, 24.362787, 23.601997, 22.717175, 22.130152, 22.216345, 22.732571, 23.172754, 23.214018, 23.075478, 23.064051, 23.269709, 23.533838, 23.790491, 23.988703, 24.076801, 23.987757, 23.682877, 23.289722, 22.990656, 22.962292, 23.11301, 23.222803, 23.17894, 23.087044, 23.054621, 23.1968, 23.38372, 23.355402, 22.951723, 22.43174, 22.16424, 22.455008, 23.006405, 23.282099, 22.989002, 22.438391, 22.000483, 21.944174, 22.115295, 22.249475, 22.201475, 22.104267, 22.110804, 22.255205, 22.454731, 22.687037, 22.910412, 23.059341, 23.0758, 22.905725, 22.6339, 22.410547, 22.29991, 22.303986, 22.479639, 22.829481, 23.226276, 23.532129, 23.618153, 23.517937, 23.337275, 23.140144, 22.945066, 22.789637, 22.714279, 22.733269, 22.844995, 22.994951, 23.167614, 23.419855, 23.733345, 23.988192, 24.088923, 23.897739, 23.556065, 23.387232, 23.570837, 23.91601, 24.190393, 24.172665, 24.012352, 24.033381, 24.33382, 24.717966, 25.069086, 25.184296, 25.135057, 25.21615, 25.642067, 26.089642, 26.047144, 25.300991, 24.268375, 23.383722, 23.087786
24.168148, 23.948101, 23.252958, 22.447792, 21.967695, 22.171062, 22.776186, 23.257978, 23.252537, 23.01483, 22.948103, 23.193157, 23.541107, 23.870649, 24.101683, 24.189905, 24.067686, 23.691219, 23.215412, 22.87072, 22.866093, 23.082499, 23.258406, 23.260889, 23.192436, 23.144619, 23.226891, 23.332899, 23.230515, 22.792927, 22.273149, 22.008825, 22.288155, 22.833632, 23.134327, 22.896578, 22.410486, 22.040827, 22.029594, 22.219166, 22.374868, 22.349434, 22.263218, 22.282984, 22.457571, 22.681097, 22.888237, 23.006636, 23.029896, 22.99169, 22.896683, 22.765858, 22.657345, 22.580111, 22.559847, 22.67976, 22.945061, 23.253761, 23.528296, 23.689953, 23.714508, 23.6061, 23.396942, 23.131935, 22.834229, 22.562887, 22.394999, 22.380728, 22.533859, 22.805378, 23.151279, 23.496546, 23.752441, 23.854418, 23.67098, 23.332069, 23.165245, 23.329521, 23.653259, 23.968061, 24.097305, 24.104635, 24.182047, 24.351196, 24.512003, 24.673872, 24.725857, 24.705326, 24.844202, 25.279812, 25.74332, 25.857374, 25.416178, 24.708405, 24.098345, 23.902897
23.342945, 23.229387, 22.85647, 22.426779, 22.207363, 22.406706, 22.827557, 23.128359, 23.047974, 22.79113, 22.71508, 22.94944, 23.305292, 23.662081, 23.939491, 24.07692, 23.983366, 23.5966, 23.085239, 22.704573, 22.676004, 22.880459, 23.062418, 23.088461, 23.053993, 23.046774, 23.161732, 23.28809, 23.205067, 22.798964, 22.299618, 22.001539, 22.153826, 22.551508, 22.807983, 22.694988, 22.415445, 22.229574, 22.280094, 22.447529, 22.598753, 22.615217, 22.571583, 22.624567, 22.832184, 23.068186, 23.212879, 23.158157, 22.98584, 22.861162, 22.87393, 22.954683, 23.029768, 23.041103, 23.02557, 23.051958, 23.093285, 23.1453, 23.310858, 23.647551, 23.983732, 24.078417, 23.836817, 23.401011, 22.885281, 22.426805, 22.118456, 22.008064, 22.154316, 22.49651, 22.903442, 23.252396, 23.490282, 23.590334, 23.439119, 23.140202, 22.992315, 23.095474, 23.337574, 23.699181, 24.094582, 24.4251, 24.651823, 24.642977, 24.458406, 24.346603, 24.383638, 24.490147, 24.681503, 24.91077, 25.118704, 25.302217, 25.39019, 25.378063, 25.362583, 25.369291
22.627903, 22.608149, 22.520088, 22.422153, 22.430353, 22.619928, 22.871223, 23.007898, 22.862919, 22.59417, 22.51269, 22.735409, 23.093916, 23.471247, 23.788427, 23.969873, 23.903711, 23.511499, 22.972681, 22.56222, 22.510988, 22.701284, 22.885187, 22.929871, 22.924576, 22.954493, 23.101847, 23.250673, 23.188868, 22.812721, 22.331646, 22.003199, 22.042419, 22.308176, 22.523767, 22.519482, 22.421349, 22.396326, 22.499731, 22.646387, 22.792475, 22.84524, 22.839127, 22.921137, 23.156719, 23.402617, 23.492762, 23.288668, 22.947969, 22.748804, 22.85405, 23.116688, 23.35, 23.438826, 23.428808, 23.374445, 23.219826, 23.046806, 23.11651, 23.605831, 24.214272, 24.486872, 24.216879, 23.631927, 22.928614, 22.313015, 21.888824, 21.69906, 21.838987, 22.239214, 22.695826, 23.046412, 23.26812, 23.366388, 23.243597, 22.980316, 22.849268, 22.898764, 23.068947, 23.470301, 24.096113, 24.706976, 25.064325, 24.903131, 24.421288, 24.074579, 24.101568, 24.32023, 24.555506, 24.599638, 24.57806, 24.815485, 25.360874, 25.954079, 26.456141, 26.638435
22.407576, 22.413187, 22.399876, 22.389374, 22.463709, 22.66477, 22.886631, 22.98958, 22.82391, 22.540689, 22.451427, 22.676041, 23.045036, 23.435778, 23.766174, 23.957994, 23.894373, 23.492458, 22.937452, 22.514616, 22.460842, 22.655539, 22.847675, 22.902197, 22.906525, 22.943367, 23.091297, 23.235891, 23.170364, 22.797277, 22.320526, 21.985306, 21.996574, 22.230595, 22.439508, 22.467314, 22.419455, 22.440308, 22.561459, 22.705399, 22.852808, 22.916769, 22.920776, 23.011173, 23.256887, 23.507938, 23.582287, 23.330696, 22.935596, 22.712469, 22.848309, 23.170332, 23.454384, 23.565372, 23.553789, 23.473869, 23.263199, 23.026865, 23.07033, 23.604462, 24.291641, 24.614605, 24.336514, 23.708244, 22.944057, 22.268431, 21.794998, 21.571733, 21.710548, 22.136059, 22.615379, 22.970087, 23.188112, 23.286108, 23.170916, 22.916344, 22.789495, 22.824087, 22.974827, 23.390291, 24.087608, 24.784155, 25.178873, 24.966389, 24.388323, 23.964079, 23.981266, 24.229692, 24.4821, 24.483814, 24.410105, 24.678633, 25.367529, 26.14138, 26.797522, 27.032951

