24.221706, 24.000547, 23.289618, 22.468115, 22.01012, 22.290657, 22.987246, 23.527714, 23.604376, 23.404175, 23.096903, 22.842587, 22.616407, 22.310873, 22.021963, 21.823051, 21.572754, 21.301661, 21.122787, 21.018398, 21.073471, 21.235495, 21.280537, 21.095909, 20.833452, 20.665974, 20.673929, 20.804592, 21.030996, 21.253641, 21.454126, 21.727116, 21.994019, 22.181965, 22.394215, 22.652088, 22.819231, 22.76243, 22.445608, 21.999578, 21.541504, 21.243471, 21.122295, 21.062202, 21.000225, 21.029617, 21.268892, 21.746737, 22.263926, 22.597111, 22.554367, 22.253517, 21.935835, 21.723404, 21.603331, 21.614429, 21.758692, 21.994299, 22.294336, 22.64967, 22.925756, 22.90757, 22.446312, 21.796127, 21.346346, 21.363708, 21.679161, 22.02841, 22.248325, 22.37846, 22.458504, 22.446407, 22.353901, 22.301344, 22.387154, 22.509569, 22.488667, 22.265526, 21.966871, 21.691216, 21.435709, 21.306013, 21.56344, 22.332064, 23.248655, 23.843561, 23.687712, 23.086842, 22.673481, 22.777952, 23.118273, 23.408512, 23.472725, 23.41135, 23.353058, 23.346897
24.01997, 23.816309, 23.160137, 22.402138, 21.983362, 22.251627, 22.904516, 23.40774, 23.468596, 23.268545, 22.984552, 22.77733, 22.604824, 22.339838, 22.061028, 21.846907, 21.570063, 21.260839, 21.044748, 20.937128, 21.037916, 21.268629, 21.376978, 21.215796, 20.948662, 20.789392, 20.840178, 21.013969, 21.240717, 21.399784, 21.509644, 21.708887, 21.961725, 22.175003, 22.40127, 22.638666, 22.777815, 22.710016, 22.407526, 21.990311, 21.571222, 21.311729, 21.220318, 21.180384, 21.129829, 21.154339, 21.358942, 21.767733, 22.210106, 22.499048, 22.475967, 22.232841, 21.958521, 21.744762, 21.600689, 21.591181, 21.7355, 21.979097, 22.276148, 22.599276, 22.838745, 22.82519, 22.433962, 21.87706, 21.490046, 21.502514, 21.769407, 22.064356, 22.249523, 22.358961, 22.424097, 22.407879, 22.323601, 22.278223, 22.357895, 22.472149, 22.463007, 22.280088, 22.028671, 21.784235, 21.534872, 21.388397, 21.599909, 22.302595, 23.151913, 23.686365, 23.497091, 22.893761, 22.49264, 22.623093, 22.997799, 23.308008, 23.362347, 23.274391, 23.192835, 23.180038
23.361807, 23.213928, 22.726595, 22.165321, 21.883028, 22.148563, 22.704266, 23.11327, 23.113216, 22.882008, 22.643177, 22.578255, 22.580431, 22.440775, 22.180115, 21.902166, 21.522285, 21.071823, 20.723455, 20.604528, 20.871231, 21.350376, 21.675272, 21.571215, 21.257109, 21.106682, 21.30549, 21.643097, 21.899212, 21.873384, 21.702982, 21.674456, 21.886974, 22.180084, 22.450798, 22.627495, 22.681711, 22.575214, 22.304663, 21.962103, 21.65239, 21.511072, 21.517418, 21.54184, 21.520054, 21.520676, 21.613436, 21.812656, 22.031984, 22.190144, 22.228474, 22.16098, 22.015358, 21.792547, 21.569592, 21.488335, 21.620312, 21.877602, 22.162884, 22.395012, 22.536535, 22.555679, 22.395113, 22.135561, 21.952318, 21.959248, 22.080999, 22.209063, 22.281666, 22.31834, 22.332508, 22.305834, 22.25337, 22.238649, 22.311432, 22.410707, 22.433828, 22.352867, 22.217609, 22.041992, 21.800411, 21.603432, 21.669228, 22.147587, 22.768764, 23.12162, 22.874569, 22.322908, 21.995804, 22.191235, 22.628305, 22.967888, 22.993763, 22.843134, 22.706997, 22.678009
22.602777, 22.519432, 22.22831, 21.895519, 21.769318, 22.025988, 22.462654, 22.758814, 22.689945, 22.427658, 22.245632, 22.346548, 22.550251, 22.556194, 22.318737, 21.969353, 21.473162, 20.862396, 20.36314, 20.231295, 20.686768, 21.448689, 22.02179, 21.986576, 21.623167, 21.485683, 21.853928, 22.376911, 22.662569, 22.420055, 21.924078, 21.630909, 21.796076, 22.181683, 22.503853, 22.609612, 22.564901, 22.414204, 22.182758, 21.929264, 21.748417, 21.744545, 21.863527, 21.962381, 21.975079, 21.949375, 21.912952, 21.868074, 21.826954, 21.832205, 21.94178, 22.078781, 22.083538, 21.851011, 21.537172, 21.373865, 21.49353, 21.768505, 22.04052, 22.165546, 22.190821, 22.244982, 22.350084, 22.434528, 22.486441, 22.485386, 22.437712, 22.37174, 22.314407, 22.267969, 22.223717, 22.184523, 22.167986, 22.187513, 22.25034, 22.330553, 22.391817, 22.432924, 22.43745, 22.346256, 22.115534, 21.859657, 21.756775, 21.977848, 22.337246, 22.478273, 22.156733, 21.655516, 21.40855, 21.68195, 22.198576, 22.577515, 22.569992, 22.343393, 22.141047, 22.092552
22.204346, 22.158167, 21.994801, 21.808344, 21.742548, 21.900364, 22.159975, 22.327967, 22.246553, 22.047878, 21.973413, 22.190035, 22.500587, 22.600519, 22.412619, 22.061605, 21.545832, 20.893454, 20.342402, 20.205683, 20.717928, 21.566822, 22.244959, 22.294779, 21.985565, 21.900171, 22.336426, 22.898373, 23.128199, 22.715071, 22.009304, 21.544825, 21.671082, 22.112341, 22.464746, 22.517862, 22.405075, 22.238276, 22.064806, 21.906883, 21.838709, 21.926052, 22.10251, 22.244013, 22.296274, 22.27684, 22.169397, 21.956696, 21.725712, 21.61648, 21.77037, 22.046761, 22.162683, 21.937004, 21.576918, 21.381952, 21.526772, 21.842295, 22.112452, 22.145721, 22.055647, 22.083765, 22.322788, 22.605457, 22.78335, 22.751772, 22.581623, 22.387873, 22.260309, 22.18347, 22.114435, 22.061108, 22.05089, 22.070124, 22.094545, 22.135349, 22.23205, 22.411139, 22.584871, 22.621424, 22.427345, 22.129854, 21.928125, 22.037365, 22.281235, 22.271601, 21.781504, 21.156023, 20.865076, 21.229362, 21.913532, 22.403467, 22.368935, 22.041748, 21.750818, 21.678303
22.581553, 22.507978, 22.299059, 22.05335, 21.845818, 21.767038, 21.799084, 21.854153, 21.870499, 21.89329, 21.995075, 22.214935, 22.440248, 22.516052, 22.407509, 22.171946, 21.792667, 21.28019, 20.826969, 20.689238, 21.043783, 21.666958, 22.214354, 22.361288, 22.257015, 22.268064, 22.587664, 22.937754, 22.97789, 22.493969, 21.801567, 21.354799, 21.477993, 21.923519, 22.287579, 22.346994, 22.241062, 22.109695, 22.007233, 21.922642, 21.897772, 21.959021, 22.071571, 22.185436, 22.283455, 22.339298, 22.289217, 22.081499, 21.823103, 21.688272, 21.829292, 22.100529, 22.229334, 22.025803, 21.694637, 21.55509, 21.782585, 22.17384, 22.480053, 22.501822, 22.358215, 22.278101, 22.379959, 22.5329, 22.591755, 22.490269, 22.310947, 22.131802, 22.0403, 22.017002, 21.979513, 21.916536, 21.871386, 21.843607, 21.800083, 21.78248, 21.902515, 22.206299, 22.547228, 22.747967, 22.625311, 22.330669, 22.188589, 22.490808, 22.926754, 22.917501, 22.113071, 21.052259, 20.4893, 20.957142, 21.950668, 22.667036, 22.614004, 22.145966, 21.729979, 21.625856
23.347939, 23.21452, 22.864218, 22.447205, 22.013748, 21.68474, 21.528143, 21.514839, 21.668777, 21.944393, 22.208313, 22.351904, 22.388855, 22.36927, 22.335396, 22.258833, 22.083694, 21.801514, 21.52878, 21.397034, 21.488914, 21.729521, 22.014044, 22.232224, 22.373632, 22.483225, 22.595257, 22.62718, 22.448717, 21.994125, 21.474514, 21.174902, 21.316595, 21.720335, 22.070286, 22.169399, 22.117931, 22.046024, 22.001749, 21.954248, 21.915295, 21.883656, 21.874231, 21.922983, 22.053219, 22.201712, 22.274607, 22.189377, 22.026855, 21.938215, 22.031176, 22.198589, 22.269394, 22.095299, 21.839935, 21.800072, 22.122662, 22.586617, 22.936665, 22.994997, 22.846977, 22.632107, 22.459511, 22.309752, 22.12949, 21.957102, 21.849009, 21.77895, 21.789745, 21.865158, 21.890303, 21.822636, 21.721714, 21.625837, 21.513067, 21.44116, 21.567944, 21.948093, 22.403049, 22.740782, 22.689955, 22.426294, 22.42836, 23.059963, 23.826426, 23.918549, 22.812996, 21.261904, 20.369236, 20.910303, 22.196669, 23.136723, 23.080486, 22.498823, 21.981342, 21.852964
23.76273, 23.604853, 23.194992, 22.706192, 22.183954, 21.764997, 21.545399, 21.509699, 21.718472, 22.088428, 22.38833, 22.4454, 22.348949, 22.260859, 22.261377, 22.283569, 22.268518, 22.213898, 22.145727, 22.047602, 21.904999, 21.785141, 21.794214, 22.01148, 22.309259, 22.483362, 22.439529, 22.252373, 21.971003, 21.643564, 21.360626, 21.234919, 21.369627, 21.665798, 21.932947, 22.034391, 22.022747, 21.99151, 21.974281, 21.941845, 21.893457, 21.819031, 21.753815, 21.76507, 21.88209, 22.043621, 22.181116, 22.218874, 22.186983, 22.175562, 22.226862, 22.285807, 22.296534, 22.16625, 22.001972, 22.047541, 22.417353, 22.894001, 23.223627, 23.252361, 23.057854, 22.733515, 22.392097, 22.080017, 21.791162, 21.609674, 21.575541, 21.616419, 21.742863, 21.920202, 22.008265, 21.93289, 21.769705, 21.603235, 21.438557, 21.332787, 21.448511, 21.843765, 22.335772, 22.725885, 22.704964, 22.460836, 22.540308, 23.324501, 24.244051, 24.420038, 23.265268, 21.584175, 20.58523, 21.104984, 22.420242, 23.399897, 23.374081, 22.819412, 22.324488, 22.204996
23.428289, 23.315817, 23.010639, 22.649227, 22.303541, 22.0938, 22.039268, 22.060472, 22.159994, 22.32077, 22.433832, 22.424894, 22.344738, 22.272003, 22.24341, 22.241266, 22.262562, 22.349691, 22.446032, 22.400047, 22.129631, 21.791405, 21.591894, 21.697809, 21.969687, 22.154827, 22.122305, 21.977468, 21.822033, 21.710938, 21.645609, 21.647476, 21.740046, 21.880878, 21.992441, 22.017546, 21.981783, 21.93181, 21.888191, 21.848824, 21.826307, 21.828537, 21.852016, 21.892284, 21.923506, 21.950544, 22.014996, 22.110636, 22.200565, 22.280334, 22.325218, 22.327404, 22.307808, 22.219814, 22.120489, 22.186272, 22.516264, 22.919298, 23.136402, 23.022465, 22.705795, 22.337536, 22.062765, 21.889151, 21.761711, 21.692585, 21.724159, 21.846817, 22.069359, 22.309652, 22.4217, 22.310356, 22.071095, 21.843836, 21.684452, 21.614677, 21.72324, 22.055624, 22.465315, 22.753059, 22.659658, 22.373047, 22.36462, 22.953672, 23.692997, 23.904274, 23.130686, 21.952991, 21.24918, 21.602882, 22.507896, 23.207495, 23.242577, 22.919067, 22.627768, 22.563353
22.745779, 22.70705, 22.570354, 22.414295, 22.358492, 22.496843, 22.720255, 22.843855, 22.763556, 22.578079, 22.406796, 22.35207, 22.366823, 22.346258, 22.247211, 22.145363, 22.11414, 22.253551, 22.450891, 22.460541, 22.168715, 21.763006, 21.449842, 21.395546, 21.521828, 21.668221, 21.735367, 21.776863, 21.861656, 21.986814, 22.097752, 22.185915, 22.226603, 22.211664, 22.15737, 22.086517, 22.006777, 21.91172, 21.808189, 21.735949, 21.737926, 21.857483, 22.027523, 22.125305, 22.045982, 21.885185, 21.820843, 21.937428, 22.131271, 22.298079, 22.353882, 22.329969, 22.294949, 22.239902, 22.181618, 22.227224, 22.468109, 22.753654, 22.828003, 22.550018, 22.112631, 21.761093, 21.674175, 21.773933, 21.920565, 22.006607, 22.08465, 22.254944, 22.540401, 22.807072, 22.919922, 22.77487, 22.480026, 22.218662, 22.098366, 22.093117, 22.185764, 22.402828, 22.657394, 22.762186, 22.556679, 22.215858, 22.055632, 22.290615, 22.690474, 22.903704, 22.693735, 22.295918, 22.066608, 22.199717, 22.513006, 22.79863, 22.904528, 22.892757, 22.876652, 22.885319
22.172598, 22.189814, 22.188744, 22.196285, 22.344751, 22.695236, 23.069746, 23.241968, 23.050909, 22.6595, 22.327326, 22.269701, 22.367321, 22.377863, 22.199514, 21.984652, 21.872217, 22.00041, 22.237658, 22.318232, 22.126385, 21.816235, 21.52685, 21.366955, 21.331223, 21.387629, 21.493969, 21.651648, 21.894037, 22.182104, 22.423384, 22.5711, 22.555717, 22.40884, 22.235407, 22.128752, 22.062977, 21.964167, 21.812206, 21.689423, 21.675531, 21.847807, 22.099136, 22.232691, 22.098669, 21.842842, 21.711725, 21.835987, 22.078999, 22.28631, 22.341867, 22.300398, 22.263636, 22.25141, 22.24411, 22.284296, 22.441881, 22.612232, 22.576105, 22.206381, 21.724602, 21.434504, 21.533422, 21.865358, 22.204065, 22.343403, 22.370987, 22.501184, 22.792385, 23.073772, 23.215906, 23.115086, 22.861963, 22.618616, 22.494911, 22.462954, 22.478174, 22.577894, 22.714146, 22.714441, 22.499706, 22.204657, 21.977442, 21.925831, 22.006018, 22.138819, 22.273918, 22.402645, 22.508295, 22.512671, 22.454611, 22.492975, 22.671797, 22.885025, 23.066401, 23.130114
22.050943, 22.068354, 22.081078, 22.102512, 22.225029, 22.488178, 22.761816, 22.883793, 22.732477, 22.433012, 22.19342, 22.198708, 22.326229, 22.322535, 22.081692, 21.777979, 21.578274, 21.615915, 21.798487, 21.95422, 22.00518, 21.991495, 21.918497, 21.781384, 21.629791, 21.550692, 21.5676, 21.663164, 21.863049, 22.152676, 22.430805, 22.593079, 22.533834, 22.327818, 22.141304, 22.106668, 22.145468, 22.107738, 21.930674, 21.733076, 21.63739, 21.745035, 21.956324, 22.092081, 22.022823, 21.861023, 21.790411, 21.899916, 22.084513, 22.236988, 22.263668, 22.213476, 22.19313, 22.228224, 22.27976, 22.357538, 22.493301, 22.613451, 22.569798, 22.255621, 21.855402, 21.657743, 21.855862, 22.256611, 22.569118, 22.559278, 22.385006, 22.343393, 22.552092, 22.838451, 23.064131, 23.137289, 23.083445, 22.94029, 22.733158, 22.514605, 22.363153, 22.377028, 22.49877, 22.57341, 22.543852, 22.467451, 22.360853, 22.257362, 22.175297, 22.108877, 22.063389, 22.06045, 22.11875, 22.198458, 22.297113, 22.489511, 22.746683, 22.980173, 23.175552, 23.251778
22.201311, 22.187038, 22.142046, 22.089918, 22.058586, 22.075092, 22.117559, 22.140558, 22.111242, 22.063292, 22.051077, 22.150562, 22.275217, 22.235657, 21.955864, 21.59399, 21.311876, 21.210714, 21.272999, 21.482512, 21.824034, 22.189358, 22.422773, 22.382523, 22.159004, 21.944756, 21.829828, 21.788807, 21.841042, 22.016598, 22.238611, 22.36602, 22.283752, 22.092178, 21.973429, 22.061695, 22.232399, 22.279539, 22.101158, 21.836239, 21.640194, 21.625126, 21.727722, 21.840317, 21.891628, 21.916618, 21.966982, 22.044493, 22.111696, 22.161419, 22.154865, 22.113684, 22.121346, 22.189562, 22.279993, 22.401081, 22.548399, 22.664486, 22.678257, 22.502764, 22.252102, 22.156715, 22.388123, 22.748552, 22.914549, 22.674042, 22.25646, 22.000561, 22.083292, 22.355322, 22.666029, 22.942917, 23.134108, 23.119915, 22.80912, 22.362625, 22.038889, 22.010021, 22.182228, 22.415115, 22.633741, 22.816854, 22.904589, 22.895527, 22.782162, 22.495457, 22.005442, 21.518261, 21.319059, 21.58107, 22.113354, 22.65481, 22.960718, 23.071796, 23.155079, 23.210663
22.298531, 22.267298, 22.205385, 22.127857, 21.9862, 21.777416, 21.5889, 21.507746, 21.597805, 21.794535, 21.992426, 22.153891, 22.243937, 22.160975, 21.8699, 21.496183, 21.179102, 20.987251, 20.959743, 21.191614, 21.711679, 22.316353, 22.752069, 22.794149, 22.548731, 22.258478, 22.052038, 21.90378, 21.824945, 21.878086, 22.0186, 22.096979, 22.006428, 21.854866, 21.814875, 21.999758, 22.263628, 22.390284, 22.262312, 22.003357, 21.758814, 21.625683, 21.590902, 21.63479, 21.752108, 21.914021, 22.065454, 22.138941, 22.145132, 22.146143, 22.136127, 22.112432, 22.141962, 22.228302, 22.333002, 22.459925, 22.581633, 22.663637, 22.699244, 22.630577, 22.510992, 22.500605, 22.734224, 23.033669, 23.089594, 22.724623, 22.191225, 21.824793, 21.827881, 22.074001, 22.405024, 22.763371, 23.064056, 23.107843, 22.742836, 22.188078, 21.800714, 21.789778, 22.02829, 22.36941, 22.707317, 22.995173, 23.174616, 23.249224, 23.168409, 22.792536, 22.046274, 21.25827, 20.894861, 21.278614, 22.085035, 22.8099, 23.069584, 23.018375, 22.958887, 22.975441
22.157534, 22.152506, 22.182434, 22.209848, 22.107233, 21.80599, 21.468109, 21.311985, 21.484386, 21.835194, 22.137407, 22.273436, 22.270983, 22.121012, 21.835949, 21.504139, 21.230438, 21.072676, 21.066219, 21.282204, 21.732689, 22.249655, 22.634117, 22.703272, 22.527977, 22.28973, 22.088198, 21.916702, 21.797218, 21.802616, 21.898323, 21.945135, 21.849344, 21.715345, 21.701088, 21.890627, 22.156237, 22.338202, 22.342472, 22.224472, 22.048714, 21.857939, 21.690794, 21.605631, 21.647476, 21.78229, 21.949818, 22.082489, 22.175079, 22.260859, 22.302322, 22.295437, 22.323698, 22.403013, 22.484734, 22.555519, 22.594671, 22.595833, 22.567213, 22.481323, 22.383772, 22.392418, 22.609652, 22.88818, 22.971317, 22.698519, 22.27483, 21.991941, 22.028238, 22.256565, 22.510303, 22.726919, 22.875214, 22.835567, 22.51067, 22.074942, 21.816336, 21.910852, 22.215405, 22.539343, 22.742096, 22.844189, 22.89666, 22.954718, 22.943298, 22.717985, 22.189823, 21.616837, 21.375067, 21.730854, 22.395996, 22.914745, 22.970865, 22.750088, 22.549595, 22.509022
21.980165, 22.013424, 22.157808, 22.318821, 22.312738, 22.009007, 21.605238, 21.409948, 21.622177, 22.037647, 22.359898, 22.427292, 22.322884, 22.117245, 21.864115, 21.61319, 21.428997, 21.368774, 21.432758, 21.59997, 21.838066, 22.085245, 22.276325, 22.337791, 22.280359, 22.165186, 22.028341, 21.888714, 21.781696, 21.771376, 21.828741, 21.849531, 21.764555, 21.657337, 21.652706, 21.794952, 22.000551, 22.202639, 22.352839, 22.420399, 22.364876, 22.163258, 21.896574, 21.680462, 21.591412, 21.620613, 21.755747, 21.964451, 22.197311, 22.416437, 22.529015, 22.539139, 22.554256, 22.606947, 22.640882, 22.630198, 22.57972, 22.503115, 22.387783, 22.229446, 22.094114, 22.074594, 22.245132, 22.500669, 22.665058, 22.594542, 22.406168, 22.31498, 22.442617, 22.65451, 22.781408, 22.747517, 22.616194, 22.426914, 22.194359, 21.995005, 21.961018, 22.197601, 22.558331, 22.797924, 22.740679, 22.519064, 22.350107, 22.369329, 22.472445, 22.516752, 22.400024, 22.239004, 22.219461, 22.47089, 22.813522, 22.969234, 22.77816, 22.4137, 22.09766, 22.000816
22.021646, 22.062586, 22.225178, 22.408239, 22.431025, 22.16395, 21.78887, 21.592188, 21.760214, 22.111979, 22.382959, 22.424109, 22.32118, 22.16186, 21.999176, 21.850454, 21.749811, 21.739958, 21.807171, 21.900934, 21.986166, 22.057861, 22.11059, 22.132812, 22.117655, 22.066706, 21.997971, 21.923807, 21.837336, 21.762112, 21.716768, 21.687037, 21.65987, 21.660173, 21.730616, 21.854992, 21.99629, 22.165979, 22.356359, 22.491705, 22.48144, 22.274445, 21.972178, 21.712915, 21.586643, 21.588562, 21.714777, 21.93915, 22.204679, 22.461176, 22.607903, 22.641045, 22.655787, 22.68502, 22.679289, 22.610285, 22.497049, 22.369465, 22.215479, 22.056036, 21.946281, 21.92547, 22.017525, 22.182188, 22.362452, 22.466574, 22.511156, 22.601709, 22.786703, 22.951572, 22.95727, 22.735054, 22.40711, 22.120752, 21.972, 21.96104, 22.091455, 22.407635, 22.775278, 22.929926, 22.678646, 22.232145, 21.931452, 21.983551, 22.232172, 22.473444, 22.563087, 22.569983, 22.61001, 22.756845, 22.894491, 22.854303, 22.571177, 22.192581, 21.868738, 21.75923
22.435043, 22.424936, 22.425709, 22.421431, 22.333956, 22.142075, 21.935942, 21.804453, 21.81823, 21.935339, 22.075819, 22.187948, 22.267672, 22.306528, 22.288179, 22.222036, 22.138264, 22.044201, 21.969193, 21.976412, 22.113894, 22.302765, 22.415825, 22.373835, 22.241476, 22.107454, 22.068562, 22.074797, 21.99469, 21.777266, 21.54777, 21.439072, 21.528339, 21.740187, 21.978687, 22.150486, 22.251226, 22.318462, 22.361683, 22.343397, 22.230673, 22.016239, 21.783333, 21.634773, 21.647423, 21.776468, 21.942226, 22.066143, 22.156746, 22.264963, 22.370897, 22.434896, 22.478199, 22.502466, 22.488247, 22.425138, 22.320742, 22.207912, 22.114119, 22.077198, 22.092695, 22.124651, 22.130505, 22.140282, 22.226879, 22.381731, 22.547047, 22.721874, 22.891109, 22.990181, 22.94396, 22.717815, 22.410337, 22.146231, 22.019033, 22.024477, 22.140579, 22.400333, 22.697809, 22.802618, 22.533716, 22.10251, 21.867315, 22.073193, 22.482964, 22.731604, 22.587643, 22.261925, 22.052916, 22.155172, 22.396883, 22.526945, 22.418472, 22.202555, 22.015076, 21.9582
22.962412, 22.88036, 22.653976, 22.38657, 22.141914, 22.046909, 22.068886, 22.032295, 21.852268, 21.668959, 21.644344, 21.859407, 22.184849, 22.467192, 22.593662, 22.583872, 22.482916, 22.261965, 22.008295, 21.941206, 22.2152, 22.631641, 22.880116, 22.766333, 22.457466, 22.185303, 22.15699, 22.243845, 22.173931, 21.816929, 21.409353, 21.22954, 21.441517, 21.869326, 22.281334, 22.519335, 22.596245, 22.537144, 22.35079, 22.0812, 21.806318, 21.597214, 21.494614, 21.530931, 21.749811, 22.055801, 22.272659, 22.253647, 22.095037, 21.985128, 22.014732, 22.103168, 22.181479, 22.2103, 22.206654, 22.186186, 22.134396, 22.0763, 22.086803, 22.209627, 22.370049, 22.465269, 22.395302, 22.247532, 22.200247, 22.327124, 22.526751, 22.714838, 22.830036, 22.865152, 22.817089, 22.693747, 22.527531, 22.35211, 22.211582, 22.136873, 22.14188, 22.275927, 22.467682, 22.550079, 22.372829, 22.098652, 22.029985, 22.416874, 22.949316, 23.089682, 22.51992, 21.662476, 21.090445, 21.183146, 21.66717, 22.13653, 22.334845, 22.373291, 22.397255, 22.426224
23.242451, 23.123804, 22.783752, 22.384382, 22.055994, 22.004347, 22.134552, 22.125971, 21.815825, 21.449049, 21.316553, 21.571917, 22.025291, 22.452417, 22.683638, 22.737839, 22.673578, 22.441353, 22.136879, 22.036554, 22.33399, 22.793848, 23.049128, 22.875395, 22.483459, 22.159174, 22.156876, 22.308971, 22.268427, 21.855312, 21.361795, 21.149012, 21.424967, 21.96034, 22.46026, 22.741028, 22.815718, 22.684626, 22.346622, 21.906784, 21.524714, 21.325907, 21.318193, 21.484674, 21.839247, 22.257818, 22.516504, 22.429001, 22.135336, 21.901148, 21.878321, 21.966486, 22.052881, 22.082098, 22.088245, 22.092859, 22.062542, 22.025791, 22.096979, 22.3353, 22.608994, 22.745966, 22.600113, 22.312542, 22.141993, 22.236605, 22.4597, 22.642817, 22.68457, 22.6388, 22.56988, 22.527273, 22.487753, 22.406672, 22.278772, 22.161198, 22.1029, 22.153282, 22.268425, 22.357294, 22.305393, 22.207048, 22.284449, 22.759338, 23.303602, 23.314631, 22.452534, 21.26008, 20.458612, 20.525064, 21.144962, 21.852564, 22.319391, 22.608936, 22.843439, 22.953535
23.064985, 22.978184, 22.744959, 22.468336, 22.196991, 22.079653, 22.079798, 21.968264, 21.659281, 21.346956, 21.221903, 21.387028, 21.725153, 22.096746, 22.362408, 22.509626, 22.589201, 22.550545, 22.416384, 22.347532, 22.457651, 22.625338, 22.658817, 22.458683, 22.167698, 21.95731, 22.010117, 22.193712, 22.207064, 21.876194, 21.451571, 21.268843, 21.509575, 21.969938, 22.407465, 22.668884, 22.754002, 22.650026, 22.347866, 21.946737, 21.596308, 21.410143, 21.396982, 21.549276, 21.870667, 22.254177, 22.526327, 22.523317, 22.338438, 22.183842, 22.161486, 22.199965, 22.251404, 22.302429, 22.347763, 22.3517, 22.258871, 22.137384, 22.136721, 22.363604, 22.662611, 22.789991, 22.576712, 22.209446, 21.978018, 22.076269, 22.340092, 22.522455, 22.493744, 22.357227, 22.215151, 22.144917, 22.118355, 22.07942, 22.004322, 21.945208, 21.959932, 22.062229, 22.206837, 22.363117, 22.434465, 22.449976, 22.567532, 22.954145, 23.344492, 23.247919, 22.405687, 21.300356, 20.553223, 20.570057, 21.105507, 21.804207, 22.382843, 22.830559, 23.200699, 23.355862
22.624216, 22.604685, 22.590584, 22.566719, 22.428925, 22.196135, 21.951406, 21.686754, 21.471004, 21.358566, 21.319801, 21.342075, 21.443272, 21.639551, 21.867943, 22.08066, 22.316641, 22.543036, 22.676876, 22.681936, 22.53561, 22.292236, 22.031036, 21.837479, 21.734409, 21.707088, 21.810299, 21.986752, 22.053585, 21.882843, 21.624222, 21.511383, 21.652412, 21.922356, 22.205339, 22.416424, 22.529043, 22.514862, 22.352795, 22.102606, 21.857225, 21.684143, 21.610092, 21.666883, 21.860346, 22.125618, 22.388514, 22.541014, 22.585812, 22.614788, 22.625988, 22.598392, 22.595289, 22.666739, 22.749237, 22.735737, 22.557734, 22.326925, 22.206512, 22.34828, 22.605247, 22.692493, 22.447006, 22.072952, 21.836168, 21.938038, 22.212523, 22.37434, 22.289917, 22.088213, 21.877707, 21.745874, 21.684687, 21.65937, 21.642639, 21.67021, 21.80184, 22.009445, 22.230631, 22.47369, 22.649986, 22.734043, 22.828913, 23.033613, 23.189291, 23.012211, 22.37533, 21.60038, 21.076775, 21.050333, 21.394409, 21.939735, 22.506317, 23.012135, 23.434891, 23.601019
22.165424, 22.205652, 22.379017, 22.572493, 22.567713, 22.266769, 21.846098, 21.498865, 21.411459, 21.506878, 21.583185, 21.534145, 21.466246, 21.496637, 21.618742, 21.786432, 22.05755, 22.444927, 22.783684, 22.865107, 22.554848, 22.039173, 21.590296, 21.422289, 21.465408, 21.566126, 21.678585, 21.813826, 21.90365, 21.878712, 21.78863, 21.743677, 21.768299, 21.831663, 21.961145, 22.153458, 22.335588, 22.430323, 22.38372, 22.238478, 22.062311, 21.896057, 21.774017, 21.754114, 21.845715, 22.017021, 22.264215, 22.519375, 22.724262, 22.889582, 22.953651, 22.911888, 22.860651, 22.864929, 22.870337, 22.794153, 22.604694, 22.397892, 22.282434, 22.387821, 22.599463, 22.659937, 22.434402, 22.102552, 21.878748, 21.944498, 22.161995, 22.266626, 22.144156, 21.926603, 21.718714, 21.603546, 21.572773, 21.59408, 21.628864, 21.699472, 21.865015, 22.079094, 22.284678, 22.524927, 22.741674, 22.872215, 22.952875, 23.010616, 22.988331, 22.796259, 22.417715, 22.005781, 21.725336, 21.664835, 21.806818, 22.157312, 22.644493, 23.137177, 23.552362, 23.707367
21.92733, 21.987341, 22.213291, 22.469242, 22.527454, 22.244474, 21.815559, 21.52103, 21.560953, 21.794767, 21.991854, 22.026131, 21.97842, 21.928434, 21.860888, 21.801975, 21.893661, 22.234894, 22.631479, 22.78566, 22.519852, 22.04109, 21.628571, 21.494366, 21.553665, 21.640282, 21.691412, 21.749914, 21.808096, 21.849567, 21.86607, 21.862116, 21.793016, 21.709091, 21.757412, 22.010431, 22.323042, 22.515942, 22.473124, 22.278028, 22.050489, 21.85722, 21.722095, 21.700689, 21.808928, 22.006895, 22.266413, 22.499855, 22.670008, 22.82427, 22.948368, 22.98452, 22.914913, 22.733437, 22.503279, 22.310528, 22.224413, 22.240303, 22.3335, 22.517084, 22.723026, 22.804977, 22.66972, 22.423279, 22.218161, 22.189508, 22.261564, 22.270458, 22.148788, 21.998318, 21.908907, 21.941133, 22.047279, 22.154753, 22.197086, 22.203444, 22.244652, 22.305252, 22.364155, 22.483736, 22.660322, 22.821716, 22.927511, 22.941896, 22.872002, 22.741861, 22.582253, 22.430071, 22.318499, 22.243879, 22.24552, 22.421053, 22.771681, 23.165081, 23.498617, 23.618343
21.842787, 21.896542, 22.088463, 22.307255, 22.380337, 22.168016, 21.835453, 21.667313, 21.813265, 22.119654, 22.416178, 22.60272, 22.675034, 22.60659, 22.34255, 22.003378, 21.825525, 21.994133, 22.332226, 22.533054, 22.432562, 22.181492, 21.945311, 21.850389, 21.847504, 21.838717, 21.797798, 21.770702, 21.767765, 21.813366, 21.877529, 21.889046, 21.757889, 21.591215, 21.613594, 21.950949, 22.392128, 22.656107, 22.565693, 22.261772, 21.940413, 21.713221, 21.586248, 21.597221, 21.769747, 22.039097, 22.310486, 22.453835, 22.492199, 22.560478, 22.738161, 22.888784, 22.823328, 22.430595, 21.926897, 21.614468, 21.679844, 21.988064, 22.359131, 22.656851, 22.865194, 22.984409, 22.968616, 22.830479, 22.658045, 22.526022, 22.43092, 22.343491, 22.252838, 22.211346, 22.284681, 22.501143, 22.764591, 22.954063, 22.977562, 22.877239, 22.733284, 22.583214, 22.451307, 22.39793, 22.473059, 22.624041, 22.757315, 22.801796, 22.787127, 22.770844, 22.776197, 22.779011, 22.765665, 22.698807, 22.627333, 22.666998, 22.855608, 23.095882, 23.300938, 23.371378
21.698277, 21.746393, 21.900938, 22.079538, 22.179438, 22.079142, 21.888458, 21.851557, 22.049047, 22.346375, 22.664972, 22.943708, 23.10903, 23.063745, 22.735378, 22.277727, 21.933039, 21.902538, 22.077202, 22.233881, 22.276144, 22.267839, 22.226252, 22.173996, 22.111778, 22.024012, 21.927776, 21.852985, 21.803308, 21.821844, 21.881449, 21.880426, 21.721077, 21.530096, 21.542383, 21.894567, 22.364592, 22.649317, 22.552069, 22.229067, 21.906519, 21.713585, 21.630848, 21.661646, 21.822031, 22.056541, 22.261225, 22.313501, 22.267008, 22.282129, 22.491058, 22.71743, 22.658777, 22.129169, 21.448761, 21.074183, 21.273973, 21.810461, 22.381006, 22.734518, 22.905777, 23.020929, 23.081764, 23.029091, 22.897608, 22.715313, 22.525021, 22.383631, 22.312405, 22.333622, 22.505732, 22.83593, 23.198336, 23.451777, 23.499699, 23.371149, 23.113306, 22.788948, 22.471638, 22.224756, 22.144112, 22.218576, 22.35116, 22.479601, 22.608686, 22.741999, 22.84256, 22.886627, 22.897638, 22.850094, 22.768475, 22.751184, 22.841053, 22.974064, 23.088343, 23.125805
21.436415, 21.494881, 21.662468, 21.859293, 22.021046, 22.03898, 21.967281, 21.985992, 22.122808, 22.294956, 22.516792, 22.76512, 22.951374, 22.991846, 22.835329, 22.559834, 22.275509, 22.086388, 22.000448, 21.983717, 22.059311, 22.2012, 22.301706, 22.303772, 22.244938, 22.159414, 22.084444, 22.021664, 21.951885, 21.90662, 21.889772, 21.840767, 21.709833, 21.58465, 21.610809, 21.87027, 22.214247, 22.442236, 22.403305, 22.202539, 22.023426, 21.970037, 21.985916, 22.01376, 22.032686, 22.057041, 22.082352, 22.079533, 22.066866, 22.110977, 22.306744, 22.517197, 22.461166, 21.954832, 21.3078, 20.979008, 21.236902, 21.82045, 22.394438, 22.687988, 22.768658, 22.808825, 22.841764, 22.799809, 22.703957, 22.58004, 22.453699, 22.3456, 22.250439, 22.214449, 22.335604, 22.632526, 22.983311, 23.275137, 23.43746, 23.440943, 23.234528, 22.847282, 22.396093, 21.961651, 21.666676, 21.565857, 21.637882, 21.89893, 22.265554, 22.567036, 22.644976, 22.563545, 22.485888, 22.448713, 22.42482, 22.481478, 22.632671, 22.811367, 22.963295, 23.016832
21.223772, 21.291618, 21.47393, 21.690166, 21.902245, 22.02248, 22.050867, 22.08083, 22.096603, 22.086445, 22.149836, 22.299171, 22.462801, 22.614113, 22.740238, 22.793468, 22.694975, 22.400318, 22.043106, 21.811546, 21.860725, 22.082664, 22.271009, 22.311378, 22.272478, 22.222603, 22.212063, 22.205034, 22.140623, 22.014715, 21.88183, 21.768997, 21.705025, 21.702797, 21.765472, 21.885357, 22.027401, 22.153725, 22.194202, 22.171926, 22.188814, 22.301647, 22.42234, 22.435539, 22.277342, 22.046762, 21.872807, 21.84462, 21.918671, 22.024967, 22.178663, 22.320562, 22.269138, 21.889969, 21.410189, 21.190569, 21.443207, 21.942348, 22.392015, 22.569397, 22.552294, 22.495602, 22.443939, 22.363733, 22.292583, 22.281498, 22.303513, 22.279268, 22.148718, 22.004725, 21.997301, 22.171473, 22.43294, 22.72275, 23.011948, 23.203115, 23.134617, 22.776382, 22.270573, 21.713894, 21.230537, 20.940708, 20.935093, 21.336227, 21.947477, 22.380835, 22.341919, 22.029522, 21.795397, 21.770525, 21.858475, 22.06987, 22.362341, 22.655294, 22.902023, 22.994484
21.182751, 21.237207, 21.365412, 21.520845, 21.72732, 21.942091, 22.101263, 22.196924, 22.162424, 22.037184, 21.972376, 21.999941, 22.080917, 22.260126, 22.574585, 22.879154, 22.945429, 22.616739, 22.107092, 21.744074, 21.768471, 22.019726, 22.223413, 22.230057, 22.149832, 22.097803, 22.152395, 22.234997, 22.225122, 22.07098, 21.867149, 21.712732, 21.695242, 21.770134, 21.838404, 21.826876, 21.794519, 21.84057, 21.970991, 22.127228, 22.311701, 22.518938, 22.665794, 22.638178, 22.36293, 21.981159, 21.70019, 21.678978, 21.830324, 21.992334, 22.115488, 22.198912, 22.153681, 21.892416, 21.564363, 21.435511, 21.662594, 22.062468, 22.391321, 22.47747, 22.398346, 22.283777, 22.183039, 22.08642, 22.035273, 22.088894, 22.194494, 22.225275, 22.101578, 21.924793, 21.839716, 21.895401, 22.038776, 22.261438, 22.573277, 22.849066, 22.877741, 22.592213, 22.133011, 21.600489, 21.094818, 20.753937, 20.734827, 21.210037, 21.920748, 22.376947, 22.218681, 21.732302, 21.397242, 21.423321, 21.644978, 21.978601, 22.315693, 22.603973, 22.844172, 22.940346
21.417646, 21.422359, 21.389053, 21.358107, 21.464783, 21.739849, 22.054504, 22.30467, 22.368019, 22.285444, 22.197685, 22.124647, 22.065729, 22.130924, 22.406675, 22.733688, 22.853348, 22.599779, 22.170065, 21.850033, 21.868113, 22.071394, 22.173712, 22.029541, 21.803761, 21.675835, 21.7778, 21.986139, 22.096994, 22.000582, 21.80928, 21.652473, 21.627899, 21.680681, 21.711281, 21.641796, 21.556204, 21.597809, 21.810617, 22.082636, 22.323133, 22.461948, 22.482803, 22.375822, 22.123587, 21.820934, 21.626385, 21.660368, 21.841412, 22.025198, 22.152031, 22.220694, 22.174589, 21.942625, 21.650278, 21.535778, 21.738382, 22.094904, 22.389921, 22.46586, 22.394756, 22.305613, 22.251348, 22.203562, 22.169239, 22.175646, 22.206749, 22.20458, 22.139759, 22.058613, 22.016769, 22.033525, 22.091206, 22.189955, 22.350645, 22.499372, 22.494104, 22.286037, 21.981581, 21.671537, 21.410679, 21.269827, 21.363852, 21.800257, 22.360537, 22.670609, 22.431458, 21.915314, 21.604952, 21.74814, 22.117796, 22.484451, 22.6688, 22.721848, 22.759615, 22.790184
21.786127, 21.732565, 21.518711, 21.27807, 21.250519, 21.536617, 21.965155, 22.368334, 22.58749, 22.632595, 22.588772, 22.444742, 22.238413, 22.128689, 22.239067, 22.449808, 22.554949, 22.444508, 22.235718, 22.063457, 22.078409, 22.178347, 22.118795, 21.791073, 21.401989, 21.180269, 21.307495, 21.629551, 21.871628, 21.875996, 21.751282, 21.622227, 21.562727, 21.538729, 21.513058, 21.442221, 21.386999, 21.466648, 21.731627, 22.048435, 22.260374, 22.24754, 22.082163, 21.895746, 21.751087, 21.653431, 21.648005, 21.758854, 21.937145, 22.11879, 22.26585, 22.344286, 22.295845, 22.050346, 21.736328, 21.593643, 21.760958, 22.089411, 22.387573, 22.501219, 22.487152, 22.470451, 22.498444, 22.513279, 22.482315, 22.390514, 22.281693, 22.211458, 22.227369, 22.296267, 22.352728, 22.372648, 22.367491, 22.325176, 22.260876, 22.188278, 22.093042, 21.971249, 21.876301, 21.879856, 21.982132, 22.148823, 22.399845, 22.724066, 22.999357, 23.079123, 22.796598, 22.348267, 22.132393, 22.394665, 22.874674, 23.21154, 23.174299, 22.929468, 22.712368, 22.656902
22.040644, 21.960566, 21.667028, 21.333448, 21.239862, 21.513086, 21.973076, 22.439569, 22.752375, 22.889616, 22.878504, 22.685663, 22.378342, 22.134699, 22.097603, 22.191927, 22.268824, 22.269772, 22.245039, 22.208979, 22.237238, 22.270586, 22.121058, 21.715187, 21.261381, 20.994471, 21.103569, 21.44187, 21.74032, 21.843033, 21.821964, 21.749842, 21.656769, 21.545267, 21.44668, 21.362875, 21.328289, 21.42312, 21.692646, 22.008801, 22.191767, 22.101486, 21.852936, 21.648859, 21.588835, 21.624065, 21.734735, 21.88308, 22.043846, 22.215998, 22.379726, 22.475956, 22.444727, 22.217348, 21.913601, 21.75625, 21.87063, 22.135803, 22.405146, 22.551781, 22.603674, 22.646448, 22.705008, 22.724775, 22.672174, 22.515724, 22.331341, 22.246515, 22.358772, 22.567272, 22.70199, 22.69178, 22.589495, 22.411097, 22.185528, 21.977688, 21.857447, 21.847044, 21.947863, 22.198511, 22.547544, 22.89599, 23.211176, 23.405909, 23.439529, 23.349146, 23.089613, 22.768309, 22.651117, 22.933624, 23.387577, 23.643122, 23.482666, 23.109108, 22.783319, 22.687786
21.959509, 21.92185, 21.760559, 21.580437, 21.582947, 21.834965, 22.198063, 22.565765, 22.834051, 22.958269, 22.920984, 22.687574, 22.347702, 22.070356, 22.001558, 22.079628, 22.161963, 22.188938, 22.203766, 22.218124, 22.277712, 22.328821, 22.234026, 21.935774, 21.586527, 21.363876, 21.400925, 21.609081, 21.833385, 21.991674, 22.085791, 22.086752, 21.972816, 21.790293, 21.612286, 21.480888, 21.421289, 21.481209, 21.692467, 21.962982, 22.154619, 22.151924, 22.023165, 21.905823, 21.852701, 21.84024, 21.891361, 21.98942, 22.110813, 22.267996, 22.448143, 22.584427, 22.608276, 22.448257, 22.200346, 22.047121, 22.086056, 22.239681, 22.428165, 22.588009, 22.70302, 22.764315, 22.747768, 22.663511, 22.554073, 22.427778, 22.324236, 22.332874, 22.530514, 22.798313, 22.932245, 22.827669, 22.589672, 22.328796, 22.122095, 21.997173, 21.99036, 22.098043, 22.295235, 22.586224, 22.894396, 23.145555, 23.347622, 23.440922, 23.405054, 23.306841, 23.1534, 22.98522, 22.919163, 23.05139, 23.275089, 23.402676, 23.325592, 23.144836, 22.987165, 22.940996
21.713287, 21.748569, 21.815626, 21.900322, 22.06612, 22.280298, 22.474466, 22.658537, 22.810133, 22.870596, 22.795439, 22.561506, 22.262079, 22.027344, 21.984896, 22.077805, 22.159431, 22.153019, 22.123276, 22.135757, 22.231581, 22.344986, 22.381218, 22.286831, 22.130352, 21.999992, 21.942455, 21.950102, 22.029625, 22.204632, 22.399208, 22.470787, 22.347639, 22.118132, 21.879871, 21.707722, 21.620192, 21.630352, 21.746861, 21.932899, 22.133293, 22.286987, 22.37096, 22.387079, 22.301331, 22.155365, 22.064569, 22.0741, 22.149801, 22.288063, 22.477434, 22.654549, 22.737915, 22.650787, 22.465763, 22.325392, 22.29969, 22.349989, 22.455778, 22.618296, 22.779991, 22.832172, 22.699688, 22.474936, 22.300543, 22.246712, 22.288422, 22.42548, 22.678751, 22.945292, 23.03919, 22.838911, 22.49017, 22.20789, 22.120918, 22.179253, 22.329582, 22.522966, 22.728985, 22.922117, 23.024015, 23.033834, 23.042315, 23.069962, 23.079359, 23.074345, 23.064116, 23.044346, 22.998545, 22.909552, 22.823114, 22.817135, 22.929922, 23.096403, 23.239426, 23.286345
21.642841, 21.70846, 21.879557, 22.083462, 22.299036, 22.448296, 22.513956, 22.565882, 22.62149, 22.632988, 22.572443, 22.439188, 22.280945, 22.142359, 22.095478, 22.118868, 22.116938, 22.037313, 21.953012, 21.956537, 22.084703, 22.265907, 22.430017, 22.519037, 22.532215, 22.485285, 22.352226, 22.190945, 22.143061, 22.316776, 22.578991, 22.709375, 22.599239, 22.361259, 22.107172, 21.929586, 21.835844, 21.809778, 21.839937, 21.936716, 22.116693, 22.372452, 22.610472, 22.718195, 22.592297, 22.333855, 22.136927, 22.105577, 22.180847, 22.31225, 22.468147, 22.616781, 22.707483, 22.681353, 22.577358, 22.491632, 22.462561, 22.471558, 22.529291, 22.667765, 22.8169, 22.834253, 22.635798, 22.348236, 22.145197, 22.120068, 22.225189, 22.422663, 22.707268, 22.981552, 23.069239, 22.837305, 22.44739, 22.165186, 22.142788, 22.290224, 22.510126, 22.742142, 22.947208, 23.05987, 22.995565, 22.819016, 22.688684, 22.686098, 22.753912, 22.842279, 22.947172, 23.036165, 23.016809, 22.791683, 22.504587, 22.424921, 22.688862, 23.109632, 23.472223, 23.588589
21.917135, 21.917877, 21.908102, 21.898699, 21.924557, 21.982317, 22.05085, 22.138336, 22.21073, 22.257767, 22.323338, 22.428402, 22.51223, 22.49617, 22.358641, 22.162209, 21.954439, 21.780502, 21.683041, 21.705822, 21.869293, 22.109676, 22.344418, 22.498482, 22.556063, 22.523428, 22.356831, 22.13364, 22.041826, 22.213251, 22.499817, 22.66955, 22.59631, 22.391132, 22.177801, 22.048742, 21.989817, 21.964966, 21.950743, 21.97941, 22.098478, 22.335876, 22.583628, 22.685387, 22.516981, 22.212959, 22.005085, 22.03566, 22.19907, 22.355177, 22.416315, 22.423151, 22.428055, 22.426895, 22.414293, 22.44075, 22.51244, 22.59527, 22.679302, 22.764177, 22.81411, 22.766029, 22.598215, 22.38488, 22.206867, 22.1087, 22.105137, 22.232386, 22.525867, 22.859175, 23.025745, 22.881618, 22.564383, 22.289761, 22.181444, 22.196365, 22.300119, 22.490704, 22.70936, 22.836535, 22.763573, 22.580641, 22.466446, 22.504717, 22.620729, 22.755484, 22.876131, 22.960207, 22.964279, 22.799555, 22.57723, 22.553858, 22.840988, 23.255238, 23.610773, 23.728209
22.308956, 22.209034, 21.908113, 21.557234, 21.309738, 21.285341, 21.42864, 21.630264, 21.764448, 21.870588, 22.087093, 22.455379, 22.792774, 22.901525, 22.664532, 22.230665, 21.801121, 21.53153, 21.426405, 21.460222, 21.642895, 21.922388, 22.180244, 22.319221, 22.344318, 22.29044, 22.132526, 21.931967, 21.853321, 22.005938, 22.263947, 22.439091, 22.412683, 22.271879, 22.13715, 22.082287, 22.074179, 22.072971, 22.052624, 22.044085, 22.09296, 22.242622, 22.408459, 22.444109, 22.24045, 21.941366, 21.780043, 21.915047, 22.194349, 22.38522, 22.338524, 22.172693, 22.056341, 22.046375, 22.10162, 22.243576, 22.457705, 22.672993, 22.82622, 22.849802, 22.766373, 22.648056, 22.565615, 22.497938, 22.379333, 22.174086, 21.991669, 21.984207, 22.252935, 22.638519, 22.902208, 22.900085, 22.721338, 22.476831, 22.234119, 22.032505, 21.940525, 22.038076, 22.251619, 22.419546, 22.41251, 22.319304, 22.3055, 22.425669, 22.589201, 22.743919, 22.816971, 22.82213, 22.837198, 22.836443, 22.825172, 22.927713, 23.162254, 23.421322, 23.640778, 23.720007
22.564886, 22.423456, 22.003572, 21.512976, 21.150568, 21.096016, 21.272772, 21.495417, 21.589525, 21.647839, 21.885706, 22.379541, 22.87541, 23.093103, 22.858261, 22.35182, 21.826532, 21.481098, 21.317024, 21.291254, 21.429369, 21.692886, 21.942652, 22.073896, 22.104052, 22.077265, 21.977898, 21.839607, 21.780481, 21.869839, 22.029551, 22.156549, 22.174076, 22.124989, 22.085627, 22.088697, 22.105518, 22.120356, 22.121134, 22.116104, 22.12005, 22.165152, 22.213291, 22.173792, 21.980804, 21.750639, 21.665888, 21.860504, 22.178841, 22.369043, 22.266163, 22.016399, 21.83465, 21.804249, 21.875687, 22.0646, 22.355282, 22.651054, 22.846094, 22.821526, 22.647602, 22.502192, 22.517855, 22.593971, 22.558649, 22.314716, 22.025274, 21.908838, 22.10512, 22.455338, 22.73028, 22.808716, 22.740366, 22.552423, 22.266853, 21.96777, 21.775599, 21.806025, 21.987169, 22.158136, 22.196482, 22.174759, 22.224573, 22.368711, 22.526852, 22.675928, 22.733723, 22.721622, 22.771997, 22.888178, 23.01095, 23.178827, 23.351925, 23.479786, 23.585077, 23.630217
22.488922, 22.421936, 22.219652, 21.983875, 21.819029, 21.837259, 21.968454, 22.043648, 21.925533, 21.755474, 21.782511, 22.13995, 22.601772, 22.878031, 22.811808, 22.521429, 22.129795, 21.75771, 21.462721, 21.272846, 21.265371, 21.419891, 21.61787, 21.776983, 21.899466, 21.993622, 22.023159, 21.987593, 21.948946, 21.925928, 21.908501, 21.915604, 21.953297, 22.004112, 22.051691, 22.068594, 22.064253, 22.077658, 22.127806, 22.180023, 22.192745, 22.156771, 22.090584, 21.994139, 21.865065, 21.755322, 21.746395, 21.902435, 22.128784, 22.268698, 22.214537, 22.054184, 21.924173, 21.868746, 21.87447, 21.991367, 22.235159, 22.50605, 22.680805, 22.62834, 22.44169, 22.333801, 22.439131, 22.62212, 22.690699, 22.530525, 22.279341, 22.123188, 22.184689, 22.36194, 22.50421, 22.544121, 22.515924, 22.421307, 22.260347, 22.089531, 21.995142, 22.050077, 22.193624, 22.311682, 22.318649, 22.270226, 22.264269, 22.313, 22.382906, 22.503258, 22.63871, 22.755562, 22.885567, 22.9722, 23.006575, 23.091869, 23.232615, 23.35977, 23.466133, 23.507719
22.231064, 22.28891, 22.449175, 22.638363, 22.809519, 22.948059, 23.003464, 22.874872, 22.504879, 22.063868, 21.792677, 21.874922, 22.174099, 22.450846, 22.614962, 22.674091, 22.53566, 22.182899, 21.751719, 21.37854, 21.202749, 21.217716, 21.340816, 21.523994, 21.7488, 21.977036, 22.147104, 22.22406, 22.209682, 22.071966, 21.869337, 21.739199, 21.77718, 21.909027, 22.017323, 22.015873, 21.965364, 21.968735, 22.081696, 22.219812, 22.275812, 22.184362, 22.020054, 21.885458, 21.845543, 21.873363, 21.933651, 22.002697, 22.075434, 22.144531, 22.194645, 22.212305, 22.193014, 22.109318, 22.006117, 21.987467, 22.115032, 22.301231, 22.426233, 22.374409, 22.237181, 22.205307, 22.372826, 22.608189, 22.763777, 22.742579, 22.612051, 22.471266, 22.395172, 22.358994, 22.312222, 22.247149, 22.202105, 22.195662, 22.228815, 22.292103, 22.388395, 22.506344, 22.606737, 22.650679, 22.60421, 22.500071, 22.399391, 22.311668, 22.262329, 22.33642, 22.567289, 22.848623, 23.05603, 23.046873, 22.906464, 22.852304, 22.97121, 23.149048, 23.301905, 23.351862
22.05691, 22.20138, 22.617584, 23.106022, 23.501612, 23.691139, 23.657093, 23.377924, 22.873671, 22.306032, 21.865961, 21.742777, 21.886106, 22.127375, 22.439552, 22.745647, 22.802118, 22.486919, 21.98855, 21.529291, 21.288136, 21.248585, 21.339655, 21.529116, 21.790207, 22.060175, 22.271152, 22.378345, 22.353601, 22.148146, 21.85524, 21.659784, 21.702457, 21.880402, 22.013208, 21.978941, 21.877266, 21.860193, 22.014645, 22.219965, 22.316797, 22.190742, 21.960884, 21.818079, 21.878304, 22.041431, 22.174189, 22.175253, 22.113441, 22.110682, 22.231422, 22.381254, 22.443842, 22.342249, 22.162216, 22.031427, 22.033411, 22.112909, 22.189417, 22.189383, 22.164946, 22.224146, 22.387581, 22.573748, 22.737543, 22.831064, 22.841068, 22.774439, 22.655117, 22.504786, 22.326929, 22.140142, 22.010477, 22.012629, 22.188583, 22.455038, 22.698755, 22.817438, 22.826895, 22.79104, 22.74029, 22.660763, 22.549952, 22.395451, 22.266239, 22.281885, 22.518032, 22.842175, 23.06167, 23.009422, 22.806768, 22.693689, 22.783388, 22.957457, 23.108484, 23.154573
22.073704, 22.218885, 22.651152, 23.156004, 23.525541, 23.618412, 23.472607, 23.149191, 22.720711, 22.288784, 21.958117, 21.860527, 21.973141, 22.168642, 22.431921, 22.691637, 22.73609, 22.445211, 21.998512, 21.633656, 21.52059, 21.598129, 21.757233, 21.939926, 22.131489, 22.287796, 22.366182, 22.354214, 22.253077, 22.058205, 21.838749, 21.706486, 21.768335, 21.940224, 22.047422, 21.969118, 21.818743, 21.772924, 21.940212, 22.183018, 22.308764, 22.169695, 21.912226, 21.785002, 21.927427, 22.190863, 22.391888, 22.388964, 22.275328, 22.219713, 22.315418, 22.455967, 22.510464, 22.413631, 22.245037, 22.091045, 22.004135, 21.984228, 22.038849, 22.162008, 22.317741, 22.468613, 22.535038, 22.536175, 22.582661, 22.707136, 22.829834, 22.892796, 22.884169, 22.809685, 22.637753, 22.355234, 22.078018, 21.968081, 22.15494, 22.496773, 22.748518, 22.737339, 22.580511, 22.468168, 22.501154, 22.590502, 22.641634, 22.589622, 22.499172, 22.470182, 22.549332, 22.67437, 22.781778, 22.807961, 22.782103, 22.779871, 22.82408, 22.876442, 22.920969, 22.936647
22.193653, 22.284458, 22.573381, 22.907703, 23.101704, 23.038652, 22.807758, 22.532177, 22.307323, 22.151947, 22.074234, 22.116905, 22.253304, 22.387548, 22.493465, 22.552242, 22.479059, 22.2141, 21.891596, 21.717773, 21.823307, 22.091181, 22.35611, 22.517477, 22.583294, 22.551193, 22.417803, 22.222878, 22.028709, 21.903746, 21.856438, 21.85911, 21.93788, 22.05843, 22.102446, 21.98082, 21.797634, 21.724323, 21.874573, 22.117472, 22.257549, 22.137785, 21.904747, 21.818386, 22.009161, 22.313892, 22.552046, 22.580141, 22.477354, 22.397127, 22.423449, 22.480238, 22.480827, 22.402761, 22.293558, 22.171532, 22.035376, 21.940769, 21.99148, 22.251253, 22.586138, 22.803381, 22.728817, 22.494757, 22.368174, 22.465527, 22.663179, 22.867949, 23.048225, 23.156837, 23.077232, 22.732698, 22.29442, 22.017704, 22.129993, 22.453104, 22.633886, 22.459007, 22.145405, 21.985317, 22.131624, 22.425182, 22.690258, 22.808203, 22.81221, 22.754288, 22.619974, 22.455532, 22.404028, 22.551161, 22.787828, 22.964911, 22.973528, 22.87919, 22.794331, 22.775377
22.389812, 22.400324, 22.455582, 22.516092, 22.494928, 22.349882, 22.163599, 22.036402, 22.038414, 22.128054, 22.238092, 22.327806, 22.394438, 22.427729, 22.428604, 22.39027, 22.290888, 22.095167, 21.89937, 21.878962, 22.129101, 22.49873, 22.794001, 22.896189, 22.838028, 22.652857, 22.369541, 22.0648, 21.843744, 21.821754, 21.947529, 22.076136, 22.153629, 22.197636, 22.170588, 22.037094, 21.865925, 21.775721, 21.853493, 22.016754, 22.129908, 22.072002, 21.944923, 21.947321, 22.157824, 22.438534, 22.663324, 22.713921, 22.639801, 22.566462, 22.559856, 22.567856, 22.538843, 22.475765, 22.404442, 22.30755, 22.15715, 22.032495, 22.077051, 22.392099, 22.797699, 23.015467, 22.830517, 22.443932, 22.201288, 22.261768, 22.490849, 22.793543, 23.135227, 23.41371, 23.432642, 23.057081, 22.500324, 22.088373, 22.110294, 22.379639, 22.509119, 22.283571, 21.949072, 21.810205, 22.024664, 22.407869, 22.751032, 22.915037, 22.92631, 22.824335, 22.579124, 22.285305, 22.169275, 22.377089, 22.741207, 23.017664, 23.035368, 22.898163, 22.774469, 22.747448
22.56382, 22.497824, 22.304817, 22.078808, 21.903879, 21.849886, 21.900913, 22.012367, 22.17017, 22.332045, 22.411116, 22.322987, 22.148182, 22.047216, 22.121798, 22.2749, 22.368961, 22.289726, 22.143147, 22.121933, 22.324177, 22.604807, 22.791813, 22.796244, 22.670229, 22.453348, 22.179075, 21.924656, 21.795343, 21.894833, 22.133505, 22.326622, 22.371264, 22.322012, 22.230379, 22.132097, 22.033949, 21.943981, 21.880829, 21.862833, 21.897619, 21.961185, 22.049212, 22.198833, 22.383411, 22.543896, 22.668808, 22.695175, 22.640059, 22.612013, 22.664593, 22.734608, 22.755489, 22.70405, 22.614981, 22.508507, 22.389656, 22.301594, 22.321774, 22.526951, 22.795876, 22.908957, 22.710344, 22.372799, 22.169655, 22.216696, 22.418064, 22.729635, 23.138319, 23.500778, 23.577501, 23.203941, 22.609531, 22.145697, 22.097696, 22.305346, 22.451893, 22.369677, 22.221733, 22.187353, 22.361137, 22.611963, 22.780558, 22.766836, 22.637821, 22.484867, 22.34411, 22.239182, 22.242687, 22.387732, 22.604795, 22.812525, 22.918003, 22.935946, 22.946449, 22.96133
22.713909, 22.582617, 22.164709, 21.68115, 21.40099, 21.512259, 21.866377, 22.227489, 22.473825, 22.600052, 22.544922, 22.216335, 21.780273, 21.562632, 21.774475, 22.204651, 22.545721, 22.579716, 22.438364, 22.338795, 22.395695, 22.497177, 22.520504, 22.42749, 22.281506, 22.112125, 21.940739, 21.822054, 21.835611, 22.040419, 22.330276, 22.536894, 22.537462, 22.406391, 22.271225, 22.233343, 22.233452, 22.158092, 21.946894, 21.727297, 21.66754, 21.856668, 22.171745, 22.463047, 22.589899, 22.590967, 22.585533, 22.577497, 22.549145, 22.587349, 22.730135, 22.894833, 22.98728, 22.940516, 22.810423, 22.687069, 22.63401, 22.62767, 22.627455, 22.648972, 22.681366, 22.644321, 22.493864, 22.317762, 22.233334, 22.268581, 22.395271, 22.646376, 23.0446, 23.423101, 23.530529, 23.197269, 22.642668, 22.198811, 22.09845, 22.232294, 22.419382, 22.569174, 22.704033, 22.812391, 22.891155, 22.902859, 22.784344, 22.504414, 22.18523, 21.993683, 22.062883, 22.291763, 22.495966, 22.519627, 22.460646, 22.515295, 22.734102, 22.987921, 23.203506, 23.279976
22.958025, 22.768396, 22.161396, 21.459581, 21.061731, 21.248728, 21.789883, 22.316645, 22.626862, 22.74637, 22.648584, 22.249958, 21.729725, 21.455469, 21.666525, 22.136332, 22.533625, 22.637651, 22.557781, 22.457941, 22.427914, 22.402445, 22.312891, 22.158825, 22.004889, 21.88003, 21.803041, 21.799873, 21.910212, 22.147776, 22.418707, 22.601313, 22.581251, 22.429363, 22.301752, 22.323919, 22.398556, 22.347559, 22.067101, 21.737976, 21.609003, 21.829201, 22.225529, 22.563715, 22.652557, 22.580582, 22.533106, 22.549082, 22.577759, 22.669916, 22.839582, 23.010136, 23.096399, 23.02351, 22.859346, 22.732782, 22.741596, 22.816811, 22.837214, 22.769295, 22.667635, 22.543146, 22.425695, 22.3442, 22.308161, 22.299126, 22.340054, 22.502558, 22.832916, 23.175003, 23.296808, 23.044258, 22.600618, 22.239893, 22.115692, 22.175713, 22.385096, 22.722971, 23.089119, 23.329676, 23.361523, 23.211567, 22.890955, 22.417765, 21.952692, 21.720789, 21.930521, 22.391335, 22.729792, 22.66267, 22.405281, 22.331964, 22.59371, 22.975746, 23.303797, 23.411777
23.357355, 23.122416, 22.393824, 21.54776, 21.007956, 21.097733, 21.602848, 22.140705, 22.484224, 22.670845, 22.714746, 22.56123, 22.275105, 22.049784, 22.007771, 22.084539, 22.192993, 22.287312, 22.370974, 22.430815, 22.461372, 22.448759, 22.367167, 22.218475, 22.056221, 21.932076, 21.886023, 21.917131, 22.015696, 22.168932, 22.33227, 22.448324, 22.445267, 22.362354, 22.308863, 22.366882, 22.455372, 22.4389, 22.240524, 21.987892, 21.852459, 21.93675, 22.146984, 22.360142, 22.452124, 22.469866, 22.546917, 22.699465, 22.844112, 22.965038, 23.032875, 23.030861, 22.962082, 22.819181, 22.654476, 22.56049, 22.6098, 22.742178, 22.850983, 22.894928, 22.887981, 22.80636, 22.658398, 22.492153, 22.343449, 22.242725, 22.216431, 22.294374, 22.518259, 22.784161, 22.903439, 22.755297, 22.468042, 22.226723, 22.097631, 22.084108, 22.276741, 22.70126, 23.18708, 23.530342, 23.604324, 23.445063, 23.092789, 22.583868, 22.075438, 21.788872, 21.942934, 22.364126, 22.685463, 22.653311, 22.455044, 22.38516, 22.562782, 22.827682, 23.055355, 23.129822
23.70385, 23.45557, 22.715433, 21.851152, 21.221048, 21.134569, 21.45719, 21.88126, 22.204203, 22.463154, 22.710047, 22.930796, 23.024742, 22.913946, 22.541706, 22.071016, 21.753445, 21.779251, 22.028017, 22.285345, 22.437462, 22.513636, 22.513948, 22.420727, 22.268349, 22.134989, 22.086475, 22.100443, 22.122778, 22.129047, 22.139915, 22.168917, 22.205124, 22.240543, 22.293098, 22.3638, 22.421814, 22.437313, 22.400352, 22.327852, 22.230267, 22.105953, 22.003948, 22.010736, 22.130449, 22.318951, 22.590302, 22.904026, 23.159502, 23.280579, 23.199366, 22.971088, 22.704271, 22.48255, 22.33337, 22.28091, 22.345825, 22.505703, 22.720158, 22.964115, 23.16119, 23.194035, 23.000509, 22.682043, 22.366617, 22.173679, 22.10434, 22.109108, 22.209064, 22.371874, 22.467945, 22.419449, 22.295546, 22.18709, 22.084269, 22.028208, 22.186165, 22.599216, 23.083742, 23.469982, 23.629187, 23.56543, 23.30817, 22.882235, 22.41577, 22.093203, 22.101059, 22.336874, 22.551609, 22.605356, 22.584171, 22.577908, 22.611788, 22.646744, 22.676241, 22.687166
23.711582, 23.497004, 22.884115, 22.163937, 21.56579, 21.326269, 21.413532, 21.654261, 21.919287, 22.222364, 22.604548, 23.065638, 23.412312, 23.395929, 22.848726, 22.063265, 21.481379, 21.426165, 21.722443, 22.064661, 22.291748, 22.447735, 22.534693, 22.513565, 22.39979, 22.277185, 22.21804, 22.194103, 22.138361, 22.02706, 21.92572, 21.90127, 21.989347, 22.13818, 22.283564, 22.35552, 22.369688, 22.390314, 22.463165, 22.522352, 22.464624, 22.210567, 21.906527, 21.787897, 21.954515, 22.283192, 22.674768, 23.029724, 23.274256, 23.347803, 23.196278, 22.888054, 22.546228, 22.285271, 22.13187, 22.077448, 22.115829, 22.256655, 22.51507, 22.884832, 23.228956, 23.36648, 23.180647, 22.799816, 22.410669, 22.183531, 22.09523, 22.0422, 22.024384, 22.072914, 22.131037, 22.161964, 22.182924, 22.218195, 22.216461, 22.206589, 22.333094, 22.595251, 22.885841, 23.189661, 23.449249, 23.586344, 23.554529, 23.306681, 22.948475, 22.662683, 22.607512, 22.708603, 22.799891, 22.824745, 22.826006, 22.786798, 22.707535, 22.616718, 22.539637, 22.512173
23.218346, 23.091452, 22.751366, 22.347834, 21.949375, 21.669178, 21.559866, 21.59914, 21.764175, 22.030626, 22.373924, 22.76988, 23.076666, 23.093258, 22.686766, 22.076973, 21.591871, 21.475464, 21.623047, 21.839544, 22.028812, 22.204359, 22.335583, 22.370333, 22.316816, 22.234995, 22.173233, 22.116936, 22.031639, 21.903553, 21.795923, 21.789862, 21.930313, 22.140442, 22.318663, 22.37002, 22.332401, 22.303499, 22.344715, 22.391083, 22.350733, 22.141684, 21.896727, 21.84614, 22.094275, 22.481956, 22.84413, 23.029194, 23.057905, 23.023758, 22.979389, 22.887465, 22.70649, 22.459806, 22.230446, 22.066483, 22.002972, 22.05608, 22.245522, 22.578993, 22.931379, 23.123234, 23.025068, 22.743364, 22.452583, 22.298275, 22.240311, 22.174595, 22.083115, 22.030239, 22.03548, 22.089275, 22.183041, 22.337816, 22.527548, 22.692825, 22.804588, 22.743765, 22.595947, 22.639084, 22.985163, 23.419405, 23.729631, 23.720837, 23.50914, 23.349014, 23.409973, 23.544514, 23.531574, 23.288406, 22.969032, 22.70756, 22.638899, 22.711607, 22.780281, 22.788363
22.500555, 22.480719, 22.460577, 22.430511, 22.30217, 22.052217, 21.795956, 21.652967, 21.712257, 21.905483, 22.116228, 22.275042, 22.371059, 22.375721, 22.274025, 22.103432, 21.91408, 21.755901, 21.659861, 21.647621, 21.745447, 21.910681, 22.061607, 22.138077, 22.148441, 22.113731, 22.04398, 21.951477, 21.860617, 21.777227, 21.731884, 21.786085, 21.967091, 22.192326, 22.358532, 22.378107, 22.2932, 22.19521, 22.135252, 22.095129, 22.062265, 21.994774, 21.94939, 22.061502, 22.386028, 22.763163, 23.006201, 22.931173, 22.671492, 22.516514, 22.653135, 22.897203, 22.981518, 22.790163, 22.476667, 22.177971, 21.994143, 21.934296, 21.998945, 22.206547, 22.482166, 22.68627, 22.703655, 22.595377, 22.486269, 22.456448, 22.455982, 22.414639, 22.303131, 22.18861, 22.145496, 22.173412, 22.264999, 22.484228, 22.872223, 23.252581, 23.362951, 22.943886, 22.304646, 22.035931, 22.439816, 23.163795, 23.816753, 24.045328, 23.986397, 23.98418, 24.228247, 24.46641, 24.380249, 23.817167, 23.087299, 22.566315, 22.568974, 22.909988, 23.214972, 23.287043
21.930208, 21.989557, 22.20747, 22.455055, 22.523706, 22.28129, 21.900093, 21.628138, 21.654074, 21.849102, 21.985071, 21.929193, 21.800751, 21.749689, 21.881292, 22.073561, 22.135523, 21.952185, 21.668253, 21.482294, 21.515518, 21.678175, 21.852411, 21.975344, 22.047306, 22.045252, 21.943047, 21.787598, 21.66543, 21.614206, 21.630344, 21.738489, 21.938215, 22.157787, 22.314875, 22.334877, 22.248663, 22.132105, 22.013105, 21.911068, 21.889124, 21.95015, 22.073868, 22.288691, 22.596249, 22.874977, 22.9685, 22.716782, 22.302614, 22.083857, 22.29772, 22.707777, 22.961451, 22.875301, 22.607012, 22.315668, 22.111078, 21.994476, 21.962091, 22.032526, 22.183414, 22.349543, 22.460438, 22.519012, 22.570124, 22.618397, 22.63151, 22.598871, 22.501928, 22.385481, 22.333979, 22.338018, 22.402946, 22.63537, 23.123388, 23.622585, 23.740778, 23.141121, 22.250698, 21.823206, 22.249681, 23.114544, 23.961603, 24.359484, 24.434624, 24.56753, 24.923149, 25.208254, 25.116083, 24.482813, 23.642517, 23.035273, 23.025927, 23.402531, 23.739985, 23.818285
21.797812, 21.866613, 22.119291, 22.406366, 22.48584, 22.188297, 21.729816, 21.446634, 21.588432, 21.942623, 22.152073, 22.000515, 21.696201, 21.518774, 21.659351, 21.936047, 22.068987, 21.891207, 21.583998, 21.389826, 21.442514, 21.633499, 21.841711, 22.006498, 22.110085, 22.095675, 21.92028, 21.667927, 21.472355, 21.414686, 21.468288, 21.605246, 21.790781, 21.984413, 22.149679, 22.224913, 22.210037, 22.16095, 22.073383, 21.97274, 21.959431, 22.067242, 22.234013, 22.416254, 22.584007, 22.689236, 22.661335, 22.435272, 22.128527, 21.944223, 22.023886, 22.250603, 22.439863, 22.482664, 22.439548, 22.380337, 22.334997, 22.29311, 22.263918, 22.237951, 22.233467, 22.301296, 22.453043, 22.623354, 22.747656, 22.760231, 22.691349, 22.620392, 22.579865, 22.557503, 22.565563, 22.558157, 22.569016, 22.729813, 23.127357, 23.550549, 23.684172, 23.234995, 22.547907, 22.264883, 22.681602, 23.443268, 24.216175, 24.63131, 24.761106, 24.933977, 25.233398, 25.440834, 25.431658, 25.141436, 24.705275, 24.297855, 24.107183, 24.094061, 24.092354, 24.069517
21.97847, 22.006853, 22.143915, 22.295172, 22.262312, 21.902496, 21.443468, 21.242786, 21.559994, 22.114361, 22.453028, 22.289864, 21.875504, 21.562248, 21.587408, 21.778234, 21.871952, 21.724247, 21.498291, 21.392502, 21.502319, 21.723225, 21.95368, 22.140564, 22.247494, 22.198055, 21.947695, 21.609005, 21.34129, 21.264099, 21.337494, 21.481512, 21.62904, 21.779331, 21.952, 22.100904, 22.187565, 22.243111, 22.229445, 22.162271, 22.15344, 22.257008, 22.393305, 22.473566, 22.449516, 22.359362, 22.244064, 22.161337, 22.104233, 22.016703, 21.873453, 21.753746, 21.758404, 21.920877, 22.163074, 22.418451, 22.60154, 22.691236, 22.717571, 22.635786, 22.488567, 22.43712, 22.578411, 22.793169, 22.918291, 22.838903, 22.658358, 22.54084, 22.579983, 22.696054, 22.793234, 22.779036, 22.721148, 22.764023, 22.965797, 23.205484, 23.358843, 23.247036, 23.018326, 23.039137, 23.409639, 23.910673, 24.429676, 24.743719, 24.85774, 25.000948, 25.159464, 25.243076, 25.366474, 25.600039, 25.792713, 25.727016, 25.316887, 24.76722, 24.296997, 24.138105
22.221083, 22.204523, 22.208044, 22.203285, 22.055475, 21.675823, 21.270571, 21.147486, 21.52807, 22.137226, 22.537836, 22.444351, 22.075371, 21.749994, 21.678873, 21.739004, 21.748987, 21.622599, 21.479645, 21.447748, 21.577393, 21.788685, 22.013697, 22.213099, 22.333229, 22.284662, 22.021297, 21.661556, 21.362787, 21.256405, 21.306917, 21.42132, 21.527254, 21.645811, 21.824152, 22.020102, 22.176302, 22.317133, 22.386984, 22.378675, 22.389246, 22.477079, 22.560522, 22.526545, 22.320955, 22.055883, 21.867792, 21.914244, 22.083954, 22.110071, 21.823252, 21.452677, 21.329309, 21.600697, 22.070154, 22.552301, 22.864056, 22.998857, 23.036097, 22.938988, 22.737688, 22.611994, 22.68956, 22.855156, 22.92428, 22.786032, 22.569365, 22.449549, 22.5338, 22.720665, 22.872431, 22.879494, 22.81221, 22.80279, 22.864628, 22.956066, 23.126764, 23.305721, 23.4631, 23.710291, 23.981121, 24.195436, 24.443659, 24.64839, 24.755772, 24.891535, 24.954775, 24.961121, 25.211084, 25.8568, 26.536377, 26.779291, 26.293285, 25.429403, 24.682032, 24.449001
22.393835, 22.35199, 22.273657, 22.174406, 21.975395, 21.655285, 21.357718, 21.251335, 21.462172, 21.844006, 22.157101, 22.238062, 22.161921, 22.046566, 21.963921, 21.884573, 21.774426, 21.629875, 21.515373, 21.498859, 21.606747, 21.78812, 21.994915, 22.18899, 22.318047, 22.312792, 22.137331, 21.870007, 21.612854, 21.45866, 21.411551, 21.440552, 21.517529, 21.645393, 21.839821, 22.036612, 22.196436, 22.372255, 22.522366, 22.598927, 22.645689, 22.698217, 22.700306, 22.558052, 22.241768, 21.890352, 21.662785, 21.737625, 21.986383, 22.107437, 21.887211, 21.558544, 21.489452, 21.83563, 22.359886, 22.840904, 23.066532, 23.077532, 23.031969, 22.97323, 22.867332, 22.756273, 22.700806, 22.684458, 22.63343, 22.525434, 22.42408, 22.384382, 22.438915, 22.550894, 22.671316, 22.730246, 22.749481, 22.817608, 22.893972, 22.964962, 23.159714, 23.456245, 23.74334, 24.016323, 24.152491, 24.157047, 24.217144, 24.335241, 24.442097, 24.617334, 24.734055, 24.814278, 25.161003, 25.867012, 26.581308, 26.941238, 26.656507, 25.989918, 25.408482, 25.238176
22.544144, 22.486755, 22.352358, 22.18926, 21.970253, 21.744156, 21.575945, 21.462576, 21.413782, 21.458481, 21.622425, 21.9105, 22.214642, 22.39118, 22.33342, 22.119234, 21.881813, 21.707748, 21.601398, 21.572611, 21.632023, 21.763096, 21.934921, 22.109148, 22.243282, 22.300194, 22.25717, 22.134289, 21.958612, 21.761555, 21.5975, 21.527954, 21.588667, 21.74468, 21.951462, 22.114155, 22.231028, 22.397255, 22.60285, 22.758856, 22.84197, 22.851391, 22.770632, 22.552874, 22.205341, 21.854969, 21.634516, 21.68885, 21.922548, 22.107882, 22.054871, 21.915615, 21.975519, 22.339928, 22.790333, 23.12636, 23.156113, 22.977242, 22.823687, 22.841637, 22.912867, 22.874687, 22.673365, 22.428019, 22.235228, 22.196152, 22.269337, 22.337425, 22.323875, 22.293489, 22.34094, 22.46064, 22.605761, 22.809139, 22.981787, 23.104481, 23.314714, 23.597929, 23.835417, 24.008415, 24.015163, 23.897642, 23.852711, 23.910048, 24.014645, 24.236341, 24.465065, 24.675982, 25.066786, 25.606388, 26.082924, 26.42289, 26.457905, 26.246498, 26.055496, 26.014673
22.689772, 22.620752, 22.44525, 22.235235, 21.999567, 21.828754, 21.741419, 21.638575, 21.465151, 21.340034, 21.425196, 21.8069, 22.290308, 22.615717, 22.591871, 22.338985, 22.064569, 21.9046, 21.819105, 21.751673, 21.689623, 21.679949, 21.755732, 21.92317, 22.11849, 22.269831, 22.324516, 22.288378, 22.177301, 21.994501, 21.800428, 21.696833, 21.750023, 21.904549, 22.079554, 22.174431, 22.219433, 22.329981, 22.520498, 22.695765, 22.806726, 22.834543, 22.770294, 22.579828, 22.264769, 21.941248, 21.746881, 21.807798, 22.035168, 22.244135, 22.266474, 22.209013, 22.299494, 22.625471, 22.992556, 23.205591, 23.090897, 22.790609, 22.583307, 22.673346, 22.886568, 22.933771, 22.680624, 22.320215, 22.054468, 22.05265, 22.212654, 22.32934, 22.266636, 22.148773, 22.161066, 22.337471, 22.58219, 22.88592, 23.140703, 23.307766, 23.481592, 23.640469, 23.713345, 23.720697, 23.618912, 23.45986, 23.407221, 23.498264, 23.671215, 23.941217, 24.180767, 24.373552, 24.701502, 25.103706, 25.438326, 25.765894, 25.982531, 26.039127, 26.078363, 26.113081
22.90436, 22.81344, 22.576706, 22.294506, 21.995148, 21.772573, 21.665516, 21.619394, 21.615898, 21.688381, 21.859779, 22.109049, 22.355673, 22.533413, 22.565058, 22.473942, 22.344627, 22.264738, 22.200081, 22.052521, 21.786692, 21.536497, 21.457705, 21.664896, 22.017338, 22.287838, 22.318981, 22.199829, 22.07288, 22.000988, 21.958338, 21.954454, 21.999987, 22.075985, 22.147556, 22.165585, 22.153526, 22.185364, 22.263865, 22.351397, 22.461317, 22.599878, 22.705021, 22.687645, 22.473598, 22.185183, 22.027992, 22.156515, 22.42651, 22.595451, 22.48415, 22.255102, 22.178316, 22.404194, 22.742624, 22.952858, 22.854481, 22.598619, 22.441854, 22.549854, 22.766592, 22.866091, 22.733633, 22.499247, 22.304058, 22.262197, 22.316666, 22.351913, 22.283159, 22.200909, 22.252556, 22.449085, 22.704967, 23.022848, 23.335314, 23.554325, 23.651581, 23.565493, 23.345669, 23.130606, 22.974337, 22.896837, 22.985508, 23.25782, 23.607021, 23.934181, 24.029848, 23.977623, 24.118164, 24.531639, 24.982105, 25.336082, 25.416946, 25.285213, 25.16309, 25.143867
23.047953, 22.94421, 22.67775, 22.359419, 22.010492, 21.692316, 21.502272, 21.515709, 21.809219, 22.243851, 22.571682, 22.580284, 22.396843, 22.282825, 22.365967, 22.515041, 22.603058, 22.622757, 22.574661, 22.343443, 21.877903, 21.38978, 21.158169, 21.414196, 21.931322, 22.302118, 22.25103, 21.981686, 21.805435, 21.874807, 22.048794, 22.198414, 22.247021, 22.229282, 22.183207, 22.12812, 22.065838, 22.008087, 21.933174, 21.885717, 21.976889, 22.255585, 22.585114, 22.798275, 22.722704, 22.486654, 22.373896, 22.576908, 22.883894, 22.972174, 22.650812, 22.167919, 21.859377, 21.958183, 22.279964, 22.534599, 22.532858, 22.408701, 22.356785, 22.453489, 22.600616, 22.730963, 22.799534, 22.807074, 22.754992, 22.642319, 22.506212, 22.405256, 22.358526, 22.375324, 22.499599, 22.689812, 22.901869, 23.175875, 23.512726, 23.770035, 23.772964, 23.407877, 22.869539, 22.445707, 22.297117, 22.383329, 22.690325, 23.19224, 23.731506, 24.096554, 23.988497, 23.614033, 23.519974, 23.990459, 24.639828, 25.010197, 24.805147, 24.286327, 23.832912, 23.702103
22.817896, 22.754877, 22.609486, 22.432585, 22.187708, 21.854101, 21.581863, 21.590815, 22.04273, 22.676805, 23.079004, 22.938194, 22.499619, 22.183802, 22.229885, 22.449511, 22.621943, 22.712471, 22.722361, 22.484827, 21.920977, 21.294964, 20.954584, 21.189716, 21.746763, 22.158289, 22.110636, 21.836147, 21.686396, 21.820845, 22.066782, 22.277521, 22.365562, 22.354294, 22.263361, 22.122259, 21.956696, 21.780634, 21.587973, 21.463327, 21.556726, 21.933548, 22.416225, 22.790369, 22.821163, 22.633015, 22.550409, 22.778656, 23.077637, 23.103662, 22.677853, 22.0791, 21.650354, 21.654516, 21.930653, 22.185999, 22.237717, 22.20315, 22.239801, 22.364613, 22.505188, 22.685053, 22.885822, 23.033726, 23.069178, 22.922848, 22.682127, 22.522516, 22.524387, 22.634281, 22.82696, 23.035435, 23.226398, 23.425135, 23.659369, 23.807575, 23.671137, 23.157173, 22.511889, 22.045282, 21.944628, 22.144403, 22.575434, 23.195362, 23.813833, 24.139673, 23.830936, 23.192917, 22.905298, 23.400335, 24.195038, 24.596247, 24.218302, 23.458685, 22.798914, 22.599211
22.130142, 22.176155, 22.340055, 22.526964, 22.590286, 22.384888, 22.076946, 21.986835, 22.307352, 22.789879, 23.092676, 22.997433, 22.67845, 22.382912, 22.267521, 22.265095, 22.286976, 22.39156, 22.518459, 22.400826, 21.920919, 21.342638, 20.9716, 21.044559, 21.398338, 21.738649, 21.870893, 21.885006, 21.913506, 21.959211, 21.983807, 22.058113, 22.233658, 22.404341, 22.404587, 22.163851, 21.814972, 21.497419, 21.29282, 21.233059, 21.382977, 21.764542, 22.232952, 22.602919, 22.659332, 22.502199, 22.418921, 22.575653, 22.784267, 22.800732, 22.49995, 22.078554, 21.775116, 21.779167, 21.974483, 22.141006, 22.126823, 22.04884, 22.090223, 22.290133, 22.537352, 22.789488, 22.972412, 23.053385, 23.052057, 22.924976, 22.731562, 22.645782, 22.730854, 22.911987, 23.156178, 23.409464, 23.608149, 23.704605, 23.690916, 23.561909, 23.274012, 22.849783, 22.43639, 22.177189, 22.164431, 22.365562, 22.73679, 23.259613, 23.756233, 23.943871, 23.528479, 22.831268, 22.492371, 22.937355, 23.71681, 24.158436, 23.880255, 23.242647, 22.686792, 22.523277
21.298861, 21.470867, 21.989859, 22.594856, 23.018942, 22.992599, 22.676609, 22.449524, 22.499802, 22.664072, 22.793148, 22.851292, 22.846806, 22.696526, 22.379786, 22.028765, 21.789591, 21.861534, 22.105116, 22.158365, 21.870544, 21.464645, 21.139286, 21.016802, 21.07214, 21.282833, 21.638687, 22.025063, 22.262814, 22.147377, 21.837217, 21.697733, 21.96773, 22.378334, 22.533415, 22.223709, 21.705025, 21.278866, 21.130985, 21.199806, 21.415838, 21.736435, 22.08581, 22.34477, 22.364864, 22.217197, 22.111931, 22.155941, 22.248581, 22.288721, 22.214563, 22.096712, 22.032684, 22.095114, 22.213413, 22.270283, 22.151155, 21.976355, 21.980896, 22.263891, 22.649532, 22.960506, 23.035402, 22.940279, 22.839027, 22.764988, 22.7069, 22.761738, 22.929296, 23.145945, 23.413513, 23.71505, 23.937002, 23.936266, 23.63537, 23.182808, 22.774405, 22.582962, 22.578377, 22.652132, 22.740517, 22.873131, 23.08147, 23.39164, 23.66345, 23.678921, 23.239113, 22.625355, 22.340057, 22.710415, 23.388607, 23.864557, 23.811901, 23.465982, 23.159241, 23.080875
20.618702, 20.878992, 21.648373, 22.547901, 23.221613, 23.3148, 22.985659, 22.647608, 22.476404, 22.387264, 22.402796, 22.635321, 22.939009, 22.949213, 22.487278, 21.846567, 21.370478, 21.371943, 21.662161, 21.831964, 21.709251, 21.478031, 21.263269, 21.102558, 21.031586, 21.172449, 21.6047, 22.121021, 22.413202, 22.196243, 21.720757, 21.481958, 21.799797, 22.334494, 22.591669, 22.294489, 21.740402, 21.296473, 21.190077, 21.312281, 21.52569, 21.766785, 22.004326, 22.149317, 22.102747, 21.932938, 21.801905, 21.790382, 21.843256, 21.918756, 21.977264, 22.026001, 22.09347, 22.184944, 22.256781, 22.264093, 22.112211, 21.913546, 21.933832, 22.306637, 22.80135, 23.137445, 23.076569, 22.784506, 22.586939, 22.615368, 22.756847, 22.970423, 23.153263, 23.30332, 23.530817, 23.897449, 24.206875, 24.182245, 23.647629, 22.905161, 22.395075, 22.437569, 22.822292, 23.193689, 23.334929, 23.353409, 23.379938, 23.506626, 23.608408, 23.49029, 23.017086, 22.454239, 22.207697, 22.538912, 23.165575, 23.678034, 23.779974, 23.62602, 23.482904, 23.461226
20.323172, 20.595428, 21.409883, 22.360474, 23.045723, 23.08622, 22.675264, 22.27046, 22.057085, 21.960608, 22.048941, 22.456432, 22.958349, 23.08395, 22.58231, 21.801899, 21.17107, 21.051901, 21.265976, 21.430931, 21.368706, 21.251612, 21.222818, 21.317034, 21.471519, 21.683289, 21.925426, 22.118444, 22.180494, 21.984865, 21.671919, 21.560408, 21.857666, 22.313934, 22.562317, 22.387344, 21.994644, 21.649015, 21.513556, 21.529087, 21.626984, 21.80761, 22.018953, 22.113823, 21.977856, 21.730944, 21.577251, 21.648472, 21.830259, 21.957724, 21.923685, 21.815168, 21.758593, 21.814865, 21.917952, 22.003853, 21.953388, 21.860865, 21.982489, 22.431513, 22.95508, 23.260284, 23.073656, 22.624939, 22.376034, 22.55212, 22.925806, 23.280149, 23.382824, 23.345108, 23.465412, 23.920788, 24.401392, 24.475275, 23.857376, 22.954308, 22.371611, 22.529266, 23.105375, 23.592684, 23.689732, 23.576283, 23.466894, 23.527308, 23.607712, 23.44935, 22.908747, 22.291159, 22.010918, 22.356472, 23.027573, 23.555552, 23.618916, 23.405739, 23.211666, 23.173458
20.403824, 20.627575, 21.316689, 22.117678, 22.641331, 22.54607, 22.06003, 21.648554, 21.50157, 21.526516, 21.764992, 22.299141, 22.887213, 23.08498, 22.637615, 21.864603, 21.183155, 20.943935, 21.016989, 21.098644, 21.022558, 20.961863, 21.12207, 21.582258, 22.112616, 22.455317, 22.387178, 22.058968, 21.773804, 21.671438, 21.684387, 21.804922, 22.032017, 22.290361, 22.460802, 22.458324, 22.329372, 22.152004, 21.96962, 21.816845, 21.758537, 21.892624, 22.116491, 22.194201, 21.970188, 21.632914, 21.462475, 21.671024, 22.043594, 22.21958, 21.989925, 21.582584, 21.292477, 21.290836, 21.465624, 21.686892, 21.792072, 21.854313, 22.097231, 22.587971, 23.078142, 23.318073, 23.035213, 22.488075, 22.223549, 22.537884, 23.108566, 23.554422, 23.527725, 23.262253, 23.249056, 23.775358, 24.430988, 24.660913, 24.091467, 23.170959, 22.577282, 22.768051, 23.376448, 23.843742, 23.844671, 23.610943, 23.419262, 23.496197, 23.650028, 23.530054, 22.943422, 22.249115, 21.924141, 22.320126, 23.077139, 23.604881, 23.534937, 23.13957, 22.789501, 22.698904
20.792408, 20.934198, 21.380278, 21.897255, 22.210321, 22.088625, 21.709902, 21.412226, 21.325871, 21.384762, 21.632471, 22.11536, 22.628557, 22.83877, 22.544434, 21.970396, 21.422968, 21.167732, 21.131111, 21.110712, 20.97319, 20.887337, 21.103937, 21.754589, 22.507067, 22.916437, 22.625359, 21.951389, 21.461969, 21.48559, 21.786203, 22.084436, 22.199179, 22.220909, 22.277643, 22.417431, 22.540264, 22.552057, 22.383018, 22.136309, 21.977289, 22.061943, 22.260979, 22.311823, 22.057417, 21.704056, 21.534204, 21.785917, 22.214006, 22.376062, 22.032278, 21.475101, 21.06048, 21.005083, 21.192104, 21.47732, 21.69072, 21.875092, 22.205408, 22.701263, 23.137897, 23.323755, 23.00922, 22.445412, 22.191858, 22.575075, 23.229393, 23.676111, 23.516012, 23.066822, 22.925226, 23.445629, 24.179804, 24.520502, 24.05055, 23.213104, 22.691401, 22.926258, 23.53734, 23.97616, 23.908283, 23.592653, 23.370813, 23.508129, 23.766384, 23.731775, 23.149834, 22.416803, 22.094904, 22.584406, 23.453449, 24.016108, 23.852446, 23.302032, 22.818171, 22.685066
21.411583, 21.464581, 21.618509, 21.798943, 21.941555, 21.979929, 21.935032, 21.873648, 21.794727, 21.720371, 21.752073, 21.952997, 22.207285, 22.347897, 22.276299, 22.078543, 21.864458, 21.750269, 21.702259, 21.605347, 21.374756, 21.16625, 21.225571, 21.719988, 22.359947, 22.705944, 22.423567, 21.823885, 21.435625, 21.57303, 21.969109, 22.280712, 22.271887, 22.109703, 22.055578, 22.232679, 22.479151, 22.628889, 22.560148, 22.374229, 22.239559, 22.284956, 22.405111, 22.417286, 22.226879, 21.97415, 21.828651, 21.95937, 22.213037, 22.275816, 21.999039, 21.592394, 21.279531, 21.200256, 21.299841, 21.510195, 21.712929, 21.918413, 22.251684, 22.704981, 23.091017, 23.265579, 23.018185, 22.550093, 22.334661, 22.663517, 23.214504, 23.540354, 23.298552, 22.803085, 22.591393, 22.999901, 23.643585, 23.977715, 23.618139, 22.950003, 22.582483, 22.879641, 23.483706, 23.921104, 23.859646, 23.544323, 23.3673, 23.589762, 23.940361, 24.012531, 23.502905, 22.804884, 22.557007, 23.162075, 24.132824, 24.772718, 24.626467, 24.041672, 23.526134, 23.387625
22.107662, 22.07827, 21.948719, 21.804478, 21.813742, 22.080456, 22.437529, 22.64661, 22.560637, 22.301943, 22.036276, 21.858841, 21.769503, 21.790974, 21.950201, 22.182707, 22.374077, 22.473644, 22.47311, 22.321613, 21.984287, 21.604412, 21.398346, 21.557827, 21.912024, 22.133446, 21.996044, 21.705477, 21.581821, 21.808279, 22.172098, 22.399399, 22.283031, 22.000031, 21.852823, 21.992424, 22.258265, 22.485394, 22.546322, 22.500637, 22.463989, 22.49234, 22.526869, 22.511091, 22.434692, 22.334545, 22.224926, 22.164263, 22.142838, 22.072699, 21.949692, 21.833, 21.729658, 21.649647, 21.62491, 21.695425, 21.81757, 21.97654, 22.255541, 22.635845, 22.973177, 23.162432, 23.041275, 22.736408, 22.576258, 22.775074, 23.108967, 23.249187, 22.975151, 22.536861, 22.311453, 22.559677, 23.01778, 23.276133, 23.034372, 22.583111, 22.399143, 22.733768, 23.287411, 23.710579, 23.695627, 23.442898, 23.36487, 23.685518, 24.115612, 24.297848, 23.893551, 23.268417, 23.121662, 23.833212, 24.878462, 25.599869, 25.523569, 24.972181, 24.482845, 24.358734
22.697886, 22.599451, 22.231636, 21.814606, 21.713526, 22.176125, 22.875286, 23.313929, 23.221252, 22.804634, 22.284266, 21.783138, 21.399971, 21.318506, 21.672541, 22.270216, 22.806818, 23.090216, 23.132765, 22.936457, 22.508528, 21.981775, 21.546534, 21.414555, 21.518991, 21.632288, 21.624142, 21.606245, 21.714014, 22.014164, 22.344097, 22.495264, 22.289175, 21.907755, 21.6831, 21.787182, 22.063843, 22.352961, 22.524632, 22.601219, 22.650995, 22.666159, 22.628227, 22.589472, 22.61171, 22.642788, 22.56399, 22.338459, 22.080078, 21.896235, 21.907284, 22.042107, 22.120874, 22.041464, 21.910091, 21.85943, 21.91003, 22.026268, 22.256556, 22.573792, 22.870207, 23.073206, 23.061466, 22.897604, 22.784906, 22.870232, 23.01532, 22.995813, 22.697233, 22.312542, 22.078547, 22.189249, 22.486073, 22.676966, 22.534809, 22.268686, 22.240839, 22.605703, 23.114599, 23.52511, 23.551432, 23.354691, 23.362879, 23.766899, 24.26326, 24.538355, 24.224497, 23.662739, 23.602564, 24.403301, 25.509857, 26.300135, 26.285511, 25.76582, 25.3016, 25.190651
22.909607, 22.784479, 22.326231, 21.805424, 21.658325, 22.185846, 23.004772, 23.525229, 23.43185, 22.962399, 22.356686, 21.746223, 21.26346, 21.149588, 21.575665, 22.30353, 22.960581, 23.303827, 23.355171, 23.139317, 22.679121, 22.10338, 21.595711, 21.376774, 21.409204, 21.489605, 21.512897, 21.567896, 21.74202, 22.072893, 22.406084, 22.540911, 22.299175, 21.872961, 21.617039, 21.717154, 22.010906, 22.330839, 22.540365, 22.652874, 22.725849, 22.733294, 22.669031, 22.620321, 22.673298, 22.747091, 22.67841, 22.399853, 22.065197, 21.84292, 21.893394, 22.105108, 22.238695, 22.156616, 21.98987, 21.901886, 21.934397, 22.043066, 22.262238, 22.559629, 22.840464, 23.045364, 23.06727, 22.947847, 22.850801, 22.903027, 22.991533, 22.920225, 22.606256, 22.228733, 21.98447, 22.049652, 22.29788, 22.47213, 22.366392, 22.163752, 22.190777, 22.570086, 23.067629, 23.474995, 23.511782, 23.328251, 23.361998, 23.795652, 24.31847, 24.627975, 24.343904, 23.801176, 23.770082, 24.6054, 25.73835, 26.553915, 26.555853, 26.039574, 25.577538, 25.469049

